824924
345471
802913
162189
150345
784673
629334
606372
277033
389862
567207
838578
152767
767440
632939
629037
701295
104147
811881
48215
501887
57204
940981
851599
604506
625814
132852
915472
891186
165384
233614
53570
17702
503523
928365
266278
799842
983257
552921
411197
708541
747267
103007
436651
189931
583260
88239
987467
380702
788824
136251
695966
413077
159647
800255
855847
617070
609983
934089
463612
504067
18901
597857
962725
383938
290006
924104
119491
928404
131932
30099
471129
794387
614120
430236
354058
256645
438412
561101
661095
133739
154475
345104
929487
255139
837129
567600
102270
341248
346610
689383
89662
205269
761089
235519
144065
872768
635972
645420
314172
284664
121753
465996
233089
608461
327692
534305
794245
319031
756332
74449
583339
6169
86134
208721
994120
731394
211877
923611
438456
722022
406436
379031
284388
972666
559090
233929
535739
44715
878669
153867
707517
737042
507598
706579
841090
551857
498656
186526
872197
595002
165003
86517
277511
606782
265719
918927
895729
477371
99346
116651
90761
77643
228075
423379
172925
191968
806433
666535
778432
729991
630779
363797
856304
579951
26622
726763
252006
400871
865431
618555
744022
445471
770421
996858
691588
866817
744981
747631
86273
28670
198053
310672
505726
387525
967029
899430
706042
733333
51568
147158
554276
120059
435729
556136
747519
492451
834845
510807
529049
638209
204447
938983
506003
675872
279273
714004
258993
477540
214124
142538
10303
387670
497321
395704
299231
938865
34153
651070
439305
63042
920873
373587
296759
821186
616739
786484
669311
789507
650368
339633
819744
205941
68774
241002
260875
199678
701745
918281
669869
392965
190149
632196
718592
425150
152774
751757
721810
440931
455675
375430
656859
919359
304731
491439
646425
676725
230714
166956
779300
539685
854761
492640
641244
855685
161398
95832
147698
392321
626385
283826
517010
218570
127678
462066
445105
6049
789313
697905
340382
452382
531718
374479
305614
323697
17683
831707
543778
34859
890298
141706
105714
243108
19000
497445
815414
79474
465882
293943
261574
292213
293295
937262
848683
875063
54695
853734
243408
57745
864169
572334
267812
391100
227530
425585
868642
22636
986532
392612
292824
485791
622397
952143
307551
325162
621242
5171
341908
801210
719404
172046
818099
198317
107644
255938
312531
37377
423641
421641
825843
234099
301614
116682
344124
686665
354453
7330
368667
975878
184615
696472
477629
964413
902599
434683
570150
908613
386896
315613
662821
736039
311164
298661
73464
178726
983610
960689
508961
814369
757125
303726
925059
68172
401561
323369
675582
872250
864824
232380
654534
418073
129610
675504
584043
878380
578901
680611
278824
900152
837400
37813
783505
391352
362364
577860
379004
531237
203932
73268
276311
65017
197092
156747
563967
60222
158539
91715
940486
33034
135394
842760
853093
382707
610188
504363
874047
220405
806226
139534
359623
757025
130527
388213
793405
130283
602335
155621
680343
205869
185700
620446
138639
795920
990185
543870
414297
52973
870560
175661
317099
867428
791628
5684
545279
219099
51215
310580
712222
882499
248645
901397
572670
732785
66094
374077
401289
276764
276102
251128
266906
323363
597006
136609
418311
489990
422148
555749
225856
405182
204899
235244
166006
808199
595113
165560
140205
878860
157502
64637
480872
834304
139369
50408
628702
472454
911074
769026
629121
368091
662598
486432
513178
699708
428618
41917
83732
872549
682372
512226
844486
539016
829010
914881
531717
995790
135962
115895
925614
328196
101922
917808
688773
588226
235830
998654
821015
81262
135514
440135
317492
622771
811402
17023
692600
50479
473382
215404
85675
373257
838099
378877
758372
56341
257413
466408
658471
252865
843771
552569
600625
183056
765900
63186
941456
506926
453339
944835
37796
931701
120773
264105
493338
642644
360105
947617
792623
752069
637097
490716
4248
918245
366272
633969
516752
339065
153095
39538
836030
994339
523470
710072
113104
724695
266553
158699
568238
352810
103934
897251
477807
632263
633880
947569
774107
393910
797801
555064
754562
964577
489153
80397
814478
847715
963415
738591
312120
47880
483138
87806
534007
326177
91463
595332
916648
124706
231895
724752
140064
277979
29156
523653
849032
376510
434203
142578
177978
216622
307598
68420
852760
609093
593182
505463
239374
356797
343458
569909
230652
91611
924147
510988
260299
87373
480344
620513
427385
536502
482743
832373
252509
137291
208502
281559
28000
682428
166789
372199
100353
448979
481919
954134
440320
626926
18230
690426
392817
26150
604248
802373
822852
52992
940895
436423
171350
771555
533577
22007
172171
169789
961398
66182
750562
214016
233112
947786
878125
562150
639937
231445
143492
927559
867912
564438
372665
839124
577763
421084
389158
528509
813451
989073
249672
408473
90942
908279
920334
892871
778359
490503
334557
525350
105545
250642
140600
745260
294991
112341
362464
900959
918040
911138
384237
812908
136067
240756
440049
387198
224198
755766
512128
336998
770661
486880
839116
889734
296494
235708
840439
401305
148890
335574
161196
289361
761042
433286
421490
1826
885694
952324
979842
122837
835664
441125
734577
195464
675147
844583
618699
890478
222456
543552
647404
845504
63005
764631
120646
70203
511871
933742
945345
387928
329735
314984
952897
273264
373043
180380
737634
999523
375019
408474
361533
717042
50498
64468
965690
62103
630802
668008
125640
397211
141751
563653
157275
18477
829981
133254
769632
910717
74884
192440
900662
675438
721820
890075
49843
874120
90107
646398
784812
56047
419756
17194
446733
649777
440436
103267
907994
88306
101385
958471
435341
460289
113142
370186
881740
581066
866081
344339
116677
290163
117189
195648
637587
75613
440261
767254
456575
169578
968870
811232
128883
268526
925067
741152
972729
797819
639863
86480
357904
945049
128274
29531
64041
957345
503448
109635
852028
139363
804931
487059
588592
445038
548808
773745
565125
314240
883870
364077
817350
789702
388193
793155
809473
198718
783612
566613
735647
485501
978680
591107
932300
803768
512164
472039
237610
756267
912697
902194
810601
872582
128272
6070
646922
381499
161801
114847
738245
847482
979847
497533
817111
789670
984780
537300
379018
622619
544537
446444
306715
651538
624306
398172
770072
306819
351325
7717
336539
145228
601803
960935
964152
99913
164453
631938
951149
56333
263697
33462
884339
322450
307811
638707
250724
107453
889060
720452
5712
659620
418639
473606
748306
12114
306787
466853
666240
671388
186775
974931
61808
735391
199152
9714
920097
538369
910043
910466
297826
815282
746494
259123
703522
855265
59998
43537
633086
322316
578290
413083
287633
623884
361840
482240
368242
349339
41653
137016
103207
533058
697985
443804
254275
152395
75340
627517
532124
70896
237116
768188
451338
180112
137085
208849
817653
519890
564571
663649
231848
140706
95508
509249
667097
341353
896346
27760
785932
251996
861598
165482
136517
97782
150222
483290
606145
766220
278768
748671
995669
275421
635365
542492
854279
651495
373916
462999
806325
278148
198126
199814
980969
239767
273354
521066
716722
278603
567155
338710
196706
578568
952431
803298
587366
1304
305318
507528
457975
477974
965432
594779
784105
501046
536354
471378
720019
177186
300090
523252
658265
876193
846185
513049
618535
738556
15911
575138
577483
555910
369207
953710
207080
424073
818959
185018
646324
274456
24021
168238
257810
666112
255734
797809
577465
794680
403006
896097
46736
109601
754129
588220
403996
219669
691381
813063
815117
615507
922789
94967
349009
569526
731318
689429
668009
584965
847281
577377
633602
324143
828917
368000
566772
329368
229405
867480
459639
255886
935319
281414
197157
457634
312607
36971
348527
128292
676582
554896
642572
614055
494321
432304
175421
502890
879924
791776
706220
737661
318699
956014
741835
680765
315435
308015
891289
580280
720560
581749
363574
372138
347590
382665
313442
692481
266486
224839
713135
221287
333427
523377
657354
970599
80283
872554
517077
415417
579576
349766
285033
715155
962099
435006
262215
505685
834222
879606
124322
134986
816557
245825
276314
779377
943471
204618
845031
505830
108632
931361
869434
438241
749695
850844
39084
264983
543716
217850
122620
652154
975319
930097
389950
764317
41748
647429
466638
656535
807346
377604
217170
945149
839170
581838
931665
257773
966356
717986
103541
832
52236
788865
375908
880164
814500
815892
339583
646372
696535
319258
348097
19736
885058
759189
531564
303605
357956
854278
376358
358972
465304
54897
603166
122052
953953
72792
766787
12844
342250
835784
731602
536784
569794
3706
289116
262879
470085
138558
5525
370744
408101
777993
227546
281687
781879
364663
603657
139409
707153
637734
551573
4768
222982
992003
970609
48629
126608
775355
823597
567051
919894
539846
549339
734274
515573
59685
725523
906990
12602
349711
625539
350881
959500
457360
554946
42436
480253
667984
405634
232437
560892
482560
24484
760469
718929
456402
829967
51291
326558
151158
979488
890450
891912
369961
9958
488496
369470
715941
349326
598145
147620
290769
170595
635525
524230
623372
577016
840596
646040
174657
827159
445674
135033
896330
702701
916573
650316
233186
606190
896014
245660
40615
407361
600121
429692
308066
392872
116758
374225
214120
248796
762014
464238
179753
735078
482153
423263
458334
895466
369292
769718
780673
185868
831340
443268
191391
989485
393621
525171
718636
567038
909221
235379
276247
833257
805629
484163
922728
28226
991839
901626
228414
287673
704954
902494
644080
943366
21250
287204
121330
133465
68208
754869
242900
135830
664633
162541
66741
836618
217988
108006
440107
325074
708553
43395
508195
388703
18391
352128
874283
184638
417177
563603
816796
713737
427727
582727
910671
543322
255185
295082
716422
525081
460937
816164
23339
239213
437518
378484
313311
961540
805742
177394
837908
71784
282912
791681
537412
354832
620726
732264
277192
145514
317569
509541
616515
580084
437795
590250
902987
36187
221350
570528
446397
528447
469787
278712
725676
220367
642103
885079
333294
978402
32719
354213
413156
498424
707398
851916
212131
120697
329774
476436
320524
334633
233283
350062
22457
444754
274150
270016
343719
680719
977207
767890
231192
443576
286033
688639
954019
7175
807392
891126
298268
971894
75409
658831
803591
231531
328933
233553
556446
194666
9255
621883
116419
69787
220935
811096
695576
289145
505324
953843
799290
201937
585812
967347
563992
657386
46013
481268
305386
247902
599083
168703
289866
634635
797870
542184
132698
563486
586705
779014
230515
709262
641843
89435
504057
381129
253731
847744
432691
954143
660559
817665
225856
199517
291490
744265
530988
337777
837632
693184
110976
43534
832625
793225
114789
71751
733746
491985
473521
981284
740277
794960
838956
577686
124754
279941
381333
288207
305661
825012
60395
442862
891268
385915
405409
135415
121027
881689
721616
799279
474076
166717
775287
573640
861931
454661
317160
846371
705591
669638
263048
805024
178960
364836
307129
777761
760122
628816
382196
209002
235718
123922
714663
34081
791981
173471
174434
245875
464660
983713
278036
186574
209314
751962
454394
721319
635482
912710
884736
891336
378613
402321
208549
428987
250484
954733
210328
321439
112887
475925
864514
807308
791993
354176
413108
923471
935057
666889
880218
799702
759292
196165
871260
417481
212843
395606
710279
765590
839461
299085
719027
999561
998694
46912
854912
551177
29595
633466
127169
523517
408976
588328
763878
283365
943622
214383
746799
364228
214536
969308
122517
952256
164312
693876
630126
44622
570391
893741
610699
931602
225455
468993
623140
952701
457023
40713
255427
518745
786631
716259
719302
453270
488278
770325
85081
934274
120119
174246
830250
885981
372956
75655
572455
822088
808977
180177
685189
681665
671301
951488
690706
614946
350764
274312
103169
21961
630804
326849
667635
256684
835630
316792
126351
669494
142246
12954
307888
789952
22795
884531
394062
91432
392437
694568
803728
45528
549111
550880
619924
13685
482759
238026
216277
244835
797017
56307
33714
475429
8575
207126
555611
907560
597217
80105
715975
398387
380861
936463
831885
779681
754353
242350
413589
372223
968761
213923
120648
851561
899243
58263
215389
500617
877392
38303
595834
513356
758783
990574
808756
491994
564753
52427
563040
938438
931712
730808
126748
448704
353230
859113
627432
544765
204865
257782
31818
757058
980205
278668
193398
226525
624849
988421
604207
952413
418494
932112
90841
28342
415564
521345
484123
196760
834481
4704
767085
710817
559271
88582
15115
736783
613909
163486
909405
29491
271950
210989
936803
884869
273776
390611
603459
462925
15730
129037
597311
204117
785846
2329
695805
566592
633611
187764
952875
766746
571805
573023
303945
986568
927479
944185
123392
194741
801861
848425
266675
997016
612716
942027
685411
961075
965840
500256
700614
984309
825746
560433
729808
147517
94584
823875
157454
226482
721125
446435
687217
893708
28226
151543
52185
64497
769141
364048
513256
437042
100283
107931
355365
463656
488104
143945
698875
376977
954461
168792
10326
910787
173966
820928
734337
544379
197201
734625
75486
388821
914943
33320
127516
506159
868416
970998
629025
664057
390535
563020
514138
968131
959023
86056
760680
154724
120057
954554
482930
464160
773353
435288
279868
550344
708124
187187
83234
161105
324320
796296
794528
130035
317653
763334
876880
167920
279172
496529
429125
263941
942799
683180
429558
309475
128482
548468
1006
863369
533716
270794
249269
415244
213341
702038
763084
352649
198872
190784
847362
745018
272404
810305
373014
364801
116987
220812
310104
187322
698955
995844
569706
822204
46003
936289
596303
350162
668580
177998
411787
541624
846010
939990
391304
718658
95038
938848
336866
181007
869487
712784
491585
793161
783682
912090
346030
302632
483402
815510
840286
507209
210284
803985
278555
163031
635709
14489
105404
557342
360823
881167
882374
288012
274819
783319
133019
60446
969295
329430
804406
145069
237848
446053
514202
148023
799297
582062
845930
495540
160
998814
944735
914395
351128
298661
214874
917722
39471
41759
7940
832811
975823
801161
617433
285565
320437
338594
140061
327358
652182
738307
976410
352371
349696
686090
686316
911541
155623
798128
305374
278120
193154
656235
436888
501174
514073
137579
691236
2250
994746
384212
87616
616172
568601
402674
965888
673316
705339
376481
82771
773945
196876
639442
29056
744955
792307
368658
959758
408272
547140
769883
100274
588868
810714
199043
81865
32954
414051
575505
101699
633234
301698
164674
373740
396368
392922
157491
465690
106898
418580
383915
208226
796989
839316
179832
515834
672489
389179
221748
67667
84808
975903
744546
831242
960249
287682
738169
351263
326804
354663
570465
774366
732335
172817
840972
610068
886391
281879
141159
954909
366082
999900
858105
643636
919172
457289
586687
994886
843316
581848
269981
69956
533132
460379
508281
472060
812797
746597
947771
459105
996111
735194
161632
370049
464233
15386
914312
982355
598632
455399
86048
643148
606472
442555
642035
238536
744154
87878
185474
637363
622016
45840
593721
542055
307312
435744
998820
6250
927030
566328
626900
744049
209038
435628
7521
24906
914640
156245
130431
32405
207022
929543
417058
401305
800389
464637
548733
982844
345859
227817
721176
232040
132775
313747
885405
485227
849260
237575
518734
274487
61110
14215
412188
997146
986342
308770
242046
332924
246901
445293
787872
98686
533064
377124
471834
72894
432693
275500
746870
530083
283309
205046
880950
725283
626396
771913
125309
467771
47676
662974
920375
562536
295617
866946
871108
477447
861979
611236
527710
980099
586725
614556
119815
124812
435923
113943
449148
301531
852367
854798
158015
438809
966771
903227
593149
790711
921268
879674
776757
61749
489803
973928
572857
732020
272614
935772
922843
934828
545322
277633
339856
707673
977014
674418
983896
148985
53420
418958
956183
882971
602522
285947
305135
752840
340649
344685
567989
144699
835429
551774
600983
109668
273829
880976
418811
268294
235551
717764
697753
297520
504548
467420
951816
721100
459714
526534
861103
805086
119603
802219
33277
895671
23023
524357
438448
892191
676260
854346
250036
370598
788601
522668
663907
402529
226150
998292
59894
733861
742280
134813
723046
38572
242377
915975
780968
129643
252979
406989
873883
870901
750744
366007
104548
890204
577341
678881
246417
687164
176084
44364
618547
67310
833285
51863
359480
323488
380638
346957
783223
412590
432592
876675
697787
496167
575860
779950
121456
850760
172969
104152
696568
792801
926048
718499
787296
778247
803634
192972
383541
12488
902924
246539
160487
632428
952851
168666
363724
772961
952128
523194
118690
218619
823862
897108
563902
259343
78686
799722
653842
129167
930799
180409
649970
877547
324274
632968
729109
272951
663062
18381
929855
97285
774635
262540
772050
277028
438895
236699
362736
469432
992375
647074
623366
112401
841353
654912
66641
574416
995180
500230
931080
863598
291029
815588
835456
288403
367059
431261
461518
224788
724266
840947
171959
553640
405314
785828
209653
722976
660033
645081
773915
469733
166270
848314
421933
632920
664866
563850
439367
96433
655326
372169
731725
410900
810839
479265
691565
361604
297238
983051
335272
412454
881493
268302
914371
919002
42478
68258
323267
426367
718366
118956
200400
242552
467513
499928
523310
650247
301469
595639
112310
391020
250641
894296
626459
865035
191124
790231
462277
116862
808925
894701
625404
264870
244982
668272
778611
52838
410085
173258
938348
291382
317693
118470
90482
994607
265086
699254
240657
233475
99016
991479
286813
569114
551111
610660
308283
426967
794225
614038
239619
776961
253168
579954
204777
575364
3258
595260
761659
206320
790516
822275
122417
513603
581909
10122
362444
498850
126054
556708
577619
411000
340158
968328
180790
745821
250639
871151
940849
762061
653970
569876
871909
730052
430109
681314
544254
677303
249127
208714
24328
790287
579895
73394
549539
4014
535773
497570
995782
442363
443795
971163
28703
597023
132799
245371
496352
31129
29749
431180
235836
104643
516088
961596
303166
439668
123572
380811
857209
594097
151724
143177
870275
237180
762619
845396
278531
151790
398091
624463
177330
50902
972056
784339
965927
251557
396713
448799
93498
470937
370582
966565
55245
757252
692151
244714
379019
790281
201290
485858
265806
755885
541402
993361
388881
482907
762102
923786
86075
924078
911728
479980
360074
150305
713292
834510
702118
270488
868292
55059
164419
552727
169102
146648
370135
14636
894062
881910
210473
844625
69618
106247
840858
832406
594136
811880
453398
517601
183903
84981
381136
205559
368657
286309
387381
30163
932596
357473
210908
159451
406155
811716
847844
981403
884375
854196
716501
532173
552397
981829
558622
193894
421577
858189
496884
196942
949631
969700
291959
314694
543012
371972
682730
704554
842789
499567
184621
404330
344680
641184
967158
43665
676503
730042
813147
955220
831181
204061
509170
939257
903221
941175
179640
700770
779778
368315
248702
403665
980987
682654
607267
324446
911100
631578
388843
458011
654329
547694
9131
830152
993024
200384
807095
325580
756908
994738
353547
151896
40410
724198
64756
768603
71302
89592
503017
744933
918698
246228
654399
553651
232398
403275
316166
879494
790173
581859
744815
367859
901366
567482
687125
626388
627481
467409
267633
884756
368936
167506
333166
859903
164546
326235
22743
906292
156446
236151
740842
553006
761096
821897
181924
348772
204213
946237
905012
578062
420028
521874
182539
863850
721609
953329
143639
210971
913675
233253
839675
331579
108905
717544
820236
975741
129997
232871
939205
27007
931656
698949
833172
518883
892665
899572
679497
438907
821745
126890
794762
856027
658042
66304
52305
489808
138266
863819
643661
758240
455413
456601
193311
906612
682264
414873
295508
746053
361536
853068
811002
804877
296335
592158
488134
368718
945651
126854
8775
780243
189948
295151
496822
805576
295859
716645
218971
64318
120102
668185
260942
664635
626907
421741
280842
296358
500846
790296
430849
18175
573803
819715
447387
518585
135999
10203
50264
693289
531304
148383
698951
133741
809719
228590
607443
653439
90960
348065
656302
591474
498550
445339
621565
10456
274034
54585
419573
857188
798044
822257
98242
217358
804982
627379
600751
966991
294701
200266
696713
834291
952782
440189
263310
552123
738426
495457
97620
977741
724960
896254
886744
318094
941065
851023
857368
951592
359431
223551
655835
62868
302468
700301
905454
117044
230365
252146
925871
882023
645965
577276
822267
658187
784574
692287
259216
269326
116144
778912
275674
703931
561514
999805
203614
104224
319092
442946
100795
892419
114220
446020
320440
404044
228308
344627
421420
11353
964668
943537
371939
348064
991524
321704
503843
117159
993840
737305
771494
102526
710756
999449
73877
134609
718002
475287
463655
769629
94062
373340
476268
817846
865614
545886
494775
721507
86167
190272
774147
921047
338404
281080
381568
649925
112682
546729
310010
460902
336064
966940
849311
703451
901267
390757
374646
946267
212546
15768
950569
197174
472489
375368
596637
556512
394643
282593
942218
962750
287973
649788
982185
88534
67377
181340
2521
303881
389418
318713
51511
154892
199286
915059
640493
36236
382886
993442
376062
259276
404237
105626
153631
501591
716944
503591
980494
148672
10556
635835
325005
867834
194798
878878
698263
798299
334624
218152
412496
638498
997222
529971
548419
543581
668213
100647
669116
162064
323026
249299
193309
34719
883892
471268
486684
587910
422390
633017
661314
552748
458009
660268
992594
309129
953650
596420
614459
662985
711818
850962
810466
493777
922050
698629
641579
11780
374190
665338
695863
431896
213702
876141
892942
95184
232102
924140
733277
682878
206742
721687
770849
961092
277030
419136
692539
66011
462199
129694
573672
870710
980384
96326
167935
734363
468789
964704
184922
118306
302064
361096
539001
529084
590908
235472
592953
922155
489814
153632
196394
626232
12743
76260
310437
788728
99381
266821
871073
634148
247864
211962
843728
474221
135521
980079
752322
672617
231353
63431
786922
815026
982752
143508
790961
301604
81109
392755
944852
161198
81231
865958
189113
959547
430353
635286
693136
83719
319675
785365
187542
43241
391912
963125
653659
430607
612385
296863
176851
475874
317419
595310
671815
119763
128088
567432
180541
112342
167655
744882
24707
445091
880566
561006
274101
398363
415065
982612
469788
314477
245324
334600
59497
714455
146437
880395
607147
703114
428577
523671
348039
893044
804707
439613
445276
515752
242073
876848
539252
965243
452360
394732
709201
218018
242837
164087
692652
487317
653942
643363
458710
628674
531426
292474
524389
734420
915766
503506
239789
137433
702925
107935
770785
31044
499181
679133
702422
161085
12237
712071
568328
125185
438161
773032
2140
57986
341978
723891
987885
987707
65644
112608
919742
137058
24594
859793
781201
429091
759901
60409
225393
208175
116000
722070
997463
586917
778121
169473
330217
181419
367948
253008
57241
402998
4375
678364
356874
686029
510437
716528
403319
136827
728374
610912
793338
104395
730650
55397
275041
838807
633476
749699
989452
956825
687959
767646
641106
887896
128215
45653
809628
988103
637642
861962
998029
586885
661361
781994
668438
51156
325818
197902
393096
8418
274123
950905
489304
735472
993347
714319
549023
691356
105202
114375
608864
847021
470335
887582
833010
999544
205303
757503
430053
196322
625408
916739
105887
410236
592347
90322
960520
789298
572107
793700
449429
873532
211310
939307
391286
311702
202820
167560
126268
758161
586803
448890
47400
845880
129727
807850
463347
566884
915385
212842
595512
911317
239812
104518
197143
443560
880986
503189
587868
421423
674176
413269
124067
375472
505198
857310
805117
652528
522494
835182
650233
302681
309072
970760
932584
982333
638945
395781
1953
653190
416456
709474
719966
961990
703005
986232
676686
815721
187433
753343
561788
516804
392080
511993
797681
178056
856930
646357
43029
782676
519695
226963
319013
886614
768348
563421
85856
234615
67407
980956
458261
278656
459792
942141
730439
398406
997845
992854
119756
208497
441683
480482
755759
152736
620074
630649
436523
129818
85750
751940
125975
722897
186595
860762
532636
912322
475607
336817
405100
926330
798862
233737
954394
730243
537498
184992
493221
461163
335474
326696
347530
698070
20625
390318
361664
516764
790013
722093
790691
610019
639366
423542
382123
875762
703664
988096
819018
628001
627990
846644
564083
688129
668074
467701
395783
22553
443510
303235
839289
783995
618362
941740
597515
284242
159323
346156
315621
163619
16538
908712
847568
52648
625157
935287
809669
446557
144708
384780
525261
297569
273183
265122
75384
44417
459509
584798
858805
733654
606140
27880
533249
239502
576269
898061
123604
128853
805894
44500
522995
86361
161074
630886
538213
405307
238212
765114
792300
342846
70909
346979
300556
354608
769177
329910
127059
553936
200457
616827
905567
998926
914859
399625
272684
160920
954204
882696
425015
548273
765394
689390
86229
173083
426716
595533
189331
218744
265002
961069
420514
662901
815500
661266
305057
243056
10157
379914
750802
922582
862562
57473
906627
113523
707440
42122
547089
995662
687633
182266
445974
886461
715551
897260
320414
765721
171279
681131
599508
493173
720610
747926
737978
369890
715022
311739
480577
42907
337861
786488
194282
165869
259323
464890
7299
525194
174495
799452
860932
642788
78862
722674
940558
720823
312684
892353
318644
537403
589430
282592
343206
191740
198139
319758
167489
255226
77097
194430
253636
17746
264403
133033
319834
517995
674180
452093
487228
312688
590082
590041
125431
918771
607605
154099
474288
762811
154658
579536
500539
889130
363834
896355
806543
262413
212522
16143
469183
402724
844606
756110
119636
252902
337874
621825
839116
610872
734469
873249
428062
689152
216460
625814
451156
105472
963430
273530
820549
616271
822045
776511
161820
617036
404517
265768
856673
407406
352582
685578
198433
70969
712514
344291
360738
905805
897895
373328
867135
896733
563917
420042
855144
215500
337495
41121
705758
403651
311971
254986
703297
515727
974636
854572
399356
407561
178646
223015
158150
722619
855137
852953
144471
457574
202518
517310
82934
606136
256201
2754
650827
599490
255381
836719
456999
102005
564306
117025
917779
302670
679939
656732
18600
85313
940407
90255
946859
413814
492017
388678
390054
901124
695829
414517
858096
477403
154296
385871
173820
800547
839307
128684
909701
363562
641278
137070
510361
955192
172076
145177
946842
518072
145314
714466
84238
185903
473025
838979
275377
440894
198729
438727
352896
423025
233464
334274
746275
416805
461594
805629
810453
884641
301059
254061
350508
794890
970662
65267
384546
838501
276647
261359
511927
73997
716959
489034
187677
379663
804919
867995
190975
66901
216587
877614
873446
584492
294016
41778
955896
237463
651720
739684
363834
436999
637034
476985
848833
624287
616554
952267
793436
438936
708730
716794
359147
863896
56979
863047
743799
621679
899828
793021
22789
296920
736420
367213
785005
406143
439270
627295
50801
561508
119330
360753
293434
999983
560236
788327
448406
628188
862636
186983
914202
511987
945524
648977
211563
127377
991586
926400
304607
6497
76216
320464
423392
123581
98954
936382
415065
663984
57567
859163
130491
160799
80525
940009
892475
370855
217391
520825
980732
968404
912490
324826
475396
27261
898376
357788
370111
761768
65777
691814
420546
12142
63935
969105
463468
960814
36455
512626
897766
15688
52794
983670
40874
481429
432341
508372
586662
213852
621149
224850
320795
87558
515983
773906
863865
321013
311419
635524
493770
37891
899184
546263
668646
655159
252158
379538
969365
867321
65883
846832
494745
719052
38598
203028
674461
535481
239810
524923
150110
843059
655772
996612
556986
307421
555262
396086
35357
613013
991347
714774
936461
122107
566322
334800
327305
279920
642397
928379
855004
137110
771318
47643
935093
471147
394627
116658
762741
230162
724133
225053
948302
552721
52849
485470
377745
64270
361496
948853
352150
161174
517055
631442
732693
838279
708236
243236
287221
459104
458493
240559
97061
899702
893985
134556
337935
454798
141520
470267
140910
807285
677555
440353
654526
830607
6016
719298
388
980024
697015
623881
949575
145921
236084
687453
142165
704353
216402
842519
102911
181612
167313
250222
426534
160797
261949
136857
271306
500052
113841
592059
163085
2099
174349
153737
790574
851357
270864
179979
996255
284267
490366
504361
591214
784280
302098
990707
162171
737510
440822
49753
511751
546643
597184
845496
774226
533217
810015
634782
124868
298132
884554
618444
288820
303932
312704
702965
944746
282933
340590
434186
476763
708171
378517
516973
571325
97167
776625
431285
700950
477407
946022
962135
270886
974780
353331
573691
186249
127917
467390
104546
530636
255652
234273
130613
428019
735808
754581
338852
656099
272455
760680
831326
211997
86955
111621
537684
542720
574029
546685
823391
119146
386147
310547
265871
879252
598630
738616
846851
682017
442842
930418
112503
403735
875513
684493
272609
854468
94770
569508
68930
817562
765742
585997
653354
986275
501854
755099
380940
610751
755370
234119
549684
269073
325428
568249
476136
406248
150899
579627
231350
41566
905534
608000
11693
337088
846002
679218
455930
541938
316223
272944
27082
608517
888298
754161
57406
730026
652418
811692
119949
326564
580164
418815
284414
366400
611106
18426
386293
881870
442684
505912
134848
611758
579539
44962
330670
598463
382678
720540
791450
811654
352927
361430
359971
309934
125870
872995
217258
117617
544511
454423
216039
151376
56723
686903
997417
182368
852596
737269
831769
833595
231143
492743
275830
857873
898095
424989
439356
667253
815494
372942
121630
858939
938715
719037
19319
871460
876842
583005
29671
366958
31566
425252
365852
885103
941459
726459
576879
717449
867255
847124
764385
234207
21662
493715
507264
992646
708180
374524
319992
642560
104174
184619
397255
520942
623454
445007
938854
787282
781570
847303
960126
214619
95214
31297
987528
36804
476281
153497
233933
133734
971618
730422
398181
79457
261486
967935
205624
99312
698420
405886
912762
447777
593743
856716
687648
688083
276082
980024
824487
899961
94282
717588
295186
738055
228350
60301
991078
858482
548177
148118
556757
598489
915231
384568
570511
544205
638866
910880
818541
15223
272890
150158
597095
543100
642708
726427
414591
997962
987508
252317
517825
783474
452221
97197
789951
799760
577147
677249
96415
444395
209950
878963
375106
742715
265201
271208
29006
612202
964709
648964
784551
783594
284365
639915
734618
770924
83266
41025
410541
862621
338641
882491
44559
783179
790745
243969
632365
978131
451068
335864
651072
455922
711388
376029
920743
197176
289599
185542
951517
956235
566029
438929
51338
130341
524568
201681
120735
282043
528066
867435
905425
131150
714878
859162
356681
84062
160028
330592
638750
597935
96249
490148
383905
747205
533956
888107
334345
577167
860070
999047
897002
412419
367602
29464
133334
902758
606791
442419
243339
421451
764733
710014
742707
865239
434355
190893
457102
227146
444258
853603
453198
411241
780248
319272
719500
462189
493195
615475
310747
888378
798914
946043
212915
71652
919005
336419
900082
621334
554484
83743
538139
175071
454064
417206
495446
438044
906540
885311
611330
401957
946266
833294
146083
872411
144590
363165
21188
296795
998047
433046
262858
538445
673128
972915
717259
940034
950524
638938
701611
565655
414629
79470
309091
83432
250637
625760
879316
652981
72631
876312
751282
249962
463343
63433
880581
283047
591882
7972
512258
686294
727282
397228
101730
536291
637869
685901
195218
251064
725194
738804
865106
867657
683186
19520
562970
424177
602939
659973
183367
66683
475909
149594
199784
357795
243229
539241
345564
655481
662917
792927
58510
619283
483420
88184
594013
323176
421545
453795
355729
570975
297840
937318
801463
631919
770575
91775
642069
236102
483935
318109
987434
683221
919013
874476
223535
304834
625473
5133
148777
79559
406429
22543
832906
259063
436931
636832
129625
206291
817200
117624
322273
507603
347959
890509
312314
632946
934636
569179
622977
950542
30355
936772
75168
437469
616386
4139
36956
775118
770125
156139
661740
932543
415619
666768
787842
17495
140813
378956
289717
518381
811468
820733
791713
145649
495201
125477
161728
157734
581580
236792
420126
318641
588075
35165
165079
299371
265145
83515
694894
482489
133260
372045
574975
809304
27265
851706
666652
456730
725183
55045
779162
60077
662626
92995
833851
991394
339128
532133
506411
219027
369253
552344
166164
162862
323107
587759
548084
663639
57567
9124
938486
668280
692818
948092
552934
695648
401122
817035
838752
194259
641578
878779
307977
688179
666650
659456
455640
681043
303545
911875
638950
576211
274759
445832
341188
787583
17107
541839
567420
732183
16717
32715
452791
734911
889586
641735
114795
712669
245212
295042
494237
99751
832746
169017
57516
634160
686665
263158
535317
1071
666098
769318
706404
198651
987818
272795
741565
484623
708788
690200
123660
353790
60400
235728
429598
752098
23962
494568
621542
570213
163160
154065
345527
994093
444846
949257
53322
101147
723654
488078
980465
598526
415156
986431
136932
29205
280053
185124
421678
247073
120330
150402
233216
942105
812069
46227
877267
956903
729124
117699
295593
822334
270576
494840
355924
876620
49403
609793
771072
573292
313767
297390
560787
245301
201429
325269
494084
503437
423633
856298
646763
226429
731829
644097
995403
261519
358497
506427
895964
854092
195420
951846
922680
173763
760786
237435
512148
782456
788212
449969
364485
536001
264970
517309
541813
196532
216546
21361
717466
18363
446600
293518
760118
550094
285958
257449
566842
865517
440565
765155
889694
227399
390742
14795
975009
41200
885968
483051
26058
595246
227006
951960
109207
124701
923101
647882
85876
552542
391258
945901
286211
690751
112359
532131
401997
842375
144197
832011
839424
21728
851176
353271
495283
605202
242514
813938
756302
804140
101040
870126
373662
123145
15199
656072
570838
716897
122414
19495
369972
813361
970223
628897
671156
862660
179280
839728
941183
528972
212774
399731
743976
428888
981493
911004
639446
79518
370551
336048
170368
136339
700564
994699
544953
919689
125682
337928
173787
204320
604187
421458
693376
300446
686081
760968
477246
597818
119345
194990
491827
418189
603149
838656
59542
117780
238868
709839
856256
350090
675175
898311
714942
316845
928155
11906
565220
379725
880279
233752
41009
966433
549834
485101
959556
262998
743560
151390
394787
687105
634361
676188
146556
698375
687384
47688
405590
664778
466517
342362
168040
55228
896346
327177
627391
497891
634022
615997
911030
338864
493266
646753
905677
65419
573376
479589
717214
74572
34589
166703
9425
514458
220532
190934
840850
416468
710081
642469
560089
321151
635409
166965
718798
765331
561957
74377
196560
626764
74645
689209
910270
876507
22238
146936
588310
513077
853463
455916
72943
663897
661033
328729
355152
265624
40909
288988
240767
779318
727606
250737
445609
839316
963842
140946
3383
122983
612152
413981
710729
606905
259363
555917
678925
255519
429236
485701
278037
770522
884846
973900
776865
270325
634901
296018
130908
801984
68413
742215
827721
841300
251686
833355
521052
725214
532800
602110
32834
710406
853819
737142
945114
570026
497330
390753
870826
73243
873398
925526
116663
916260
238553
94862
383409
171038
503463
475027
323285
116852
735463
647361
787866
971118
579575
390882
114502
554058
862182
879364
82615
351848
341411
230001
143062
397408
122480
679535
443240
590307
277843
356593
226227
200450
53492
914115
682302
802639
244422
778518
244664
240798
86521
252970
72128
739002
134038
687801
208365
950817
400197
345398
280727
404708
555785
735403
276495
635157
141048
176058
784834
533188
554406
5269
487370
207665
373555
296783
17615
296472
872170
575849
482370
375385
974929
773733
136289
554257
929674
339738
12777
750837
454332
106647
922686
449777
581796
731571
809177
845602
264183
273956
592811
167112
325679
835482
52358
193340
820447
818070
35706
51835
496618
345418
10107
331521
263265
503507
201798
33410
455863
444847
940072
627466
787284
420416
137990
544322
778353
807241
126711
335553
630843
876146
616579
204125
146013
47433
307839
230518
699596
758897
340703
794835
335665
362200
30368
953572
42532
276468
315684
117701
606876
119392
810939
410891
170070
374001
866818
895734
409606
974229
888899
564997
861777
148158
476681
730868
616992
542806
183453
393057
185799
901991
806191
395954
327756
869286
932687
5110
418251
67785
909903
713477
280925
534317
119389
106629
168653
328490
152837
354816
607337
784324
569418
605640
309789
398376
212289
367349
605737
910689
279459
258035
125919
953191
166258
31540
654946
958741
531792
480222
297165
238241
375584
417063
312126
815632
516050
672584
813467
832331
173854
108138
314984
986486
902777
157627
852956
449957
178227
851999
957383
714314
105624
862774
286112
63394
686435
961273
468570
674730
565912
847917
924411
381440
552165
948133
639306
834498
149573
922807
917119
417870
979993
808857
878850
277452
359979
391120
987152
147182
699281
371023
653878
218555
73759
704898
270722
67452
671240
113088
757482
697349
609025
987355
65122
731029
43309
75805
431400
704376
679948
602473
776345
807327
534204
544564
399679
860457
278813
487218
977057
9195
633945
224061
413973
590239
323141
603630
956261
271050
936954
774135
990407
48849
931596
805814
590477
479728
737170
828429
970452
524419
145440
376481
758780
444680
456310
140247
276893
560224
303308
519452
254567
411260
931242
565257
440666
47781
645112
984017
833547
310208
428790
998769
785914
368521
685218
196262
938127
644639
117269
82576
959010
935100
179241
252093
163498
302627
196933
32549
896890
960138
412650
529982
924446
981391
516343
288854
321339
488489
656174
410801
120953
530146
550539
583118
498525
234748
255021
587086
296125
665007
255370
239869
913004
710306
128762
129316
489702
246857
778675
908213
352576
262427
429983
563040
837946
209578
597323
282648
768888
597197
744461
433940
850382
981694
35775
31482
613058
948596
330188
882007
634655
898575
649192
868386
207191
626035
614533
783337
993404
138684
229541
614043
587715
156608
798034
560288
812978
467926
443955
655938
621273
390175
357412
605189
613947
165843
305050
521107
596373
865673
614337
240697
756438
553611
158844
580356
64930
695085
615038
114135
742643
165220
418206
655659
670304
3727
796837
90895
896752
610011
503988
557819
1509
768964
285284
611151
126507
427107
736602
1446
187469
513793
377823
460760
276001
802729
667269
952031
263991
569397
717079
256427
689236
631563
296581
996647
363893
875315
518500
672027
193278
184476
848849
391552
585769
467245
527566
74313
8254
867880
569912
787726
669573
991996
396392
610075
870319
213978
176370
403805
472098
480399
832487
877640
437418
940999
884878
462490
57111
175004
812039
958063
70278
913358
814116
536472
522424
893488
216454
397035
556591
326395
631737
815428
343498
373110
134028
697596
728982
523754
410123
637379
191017
38293
40306
564171
37694
607904
360524
134885
941349
611991
60365
984539
330270
950846
98890
387051
905301
692874
382964
779511
725110
197850
83065
546337
121412
610298
958000
396593
565385
428157
809290
846748
584628
190377
735813
640186
241765
836877
509081
859428
611485
594042
767000
831928
37156
902988
778664
501626
286574
481664
232235
920672
822245
546998
36577
817388
259223
202271
230783
198333
17782
802485
490368
352518
291844
507545
38359
621250
398728
34168
615854
447307
570101
174093
760835
563646
333016
40128
396217
648283
259504
955791
905447
674021
188606
150432
470476
182030
898787
325540
938646
270338
126943
204823
941475
944784
543032
820295
448447
883781
16088
810021
593342
307588
621149
567895
48555
900328
987417
437531
676210
79292
751854
970745
392383
457810
738922
648928
253279
664831
758545
483638
270169
345859
966552
767737
260147
881348
698254
889722
296663
356810
54559
562301
837519
572414
358841
302358
514581
83723
945949
137824
185574
197341
734609
952285
450639
309308
976665
391852
425730
814050
642025
764294
245653
646247
424423
833222
952935
796260
209890
166393
696523
681116
390472
420489
905511
928507
355260
638288
981312
203963
598405
790767
878608
531094
547087
889436
653066
958124
253917
873641
308486
166446
96345
125581
286794
2526
492688
977967
425141
861970
781377
994696
545409
137493
475947
681594
178282
375694
507975
711002
252262
721608
64664
873366
883590
656360
909340
651204
345928
791896
240448
18002
10780
888526
922552
753430
893750
287827
67203
401088
577327
130805
513730
766400
148929
925554
304582
293797
640064
204694
941786
340849
771540
195568
276288
572440
123818
479306
16237
7315
396754
799755
768742
914449
748368
437726
118633
338984
291350
691149
296254
620050
267326
754157
285125
542096
501097
673530
29387
679731
910560
871323
871790
856132
637790
35206
312696
594974
132657
168296
822066
9183
720734
914426
867388
134195
288960
961558
912742
984810
17868
209305
614647
90443
18465
707053
490092
512360
270280
999786
467618
636405
790793
593317
894617
6413
518763
683119
769611
898822
150105
107439
148185
426795
112137
671496
827355
364086
438734
493588
973930
996043
67843
345125
75980
119574
941362
655025
442971
317151
688711
799291
142445
385993
305151
999985
859077
779076
611382
621037
772778
482303
366854
796051
504812
195388
957753
428172
984487
243465
967394
120224
340670
521679
656369
444247
505837
847651
836968
764619
503983
918122
889961
515676
628062
237473
867202
550997
936194
465153
740773
398315
957562
917940
985484
476220
618013
923603
107835
476869
525280
315294
279072
774320
110420
663659
13484
969302
816607
702179
64701
38597
584577
219310
215135
293803
908043
789411
893491
58577
153114
934674
692171
627983
964971
903505
803538
183269
146303
239234
802418
210457
691663
421144
353218
303691
725607
939731
142935
674911
137453
238028
705941
388973
3087
165495
81777
11847
134157
533123
652752
736901
380757
900187
998431
599908
63364
426107
378092
143327
934662
680985
954305
901813
173730
493737
463841
153174
554133
547675
27579
911381
315997
744611
939153
274728
775625
251133
440982
567476
956
571520
844201
517965
544247
446533
537310
15567
92934
99854
400697
310382
642885
397702
427901
338330
464213
491878
760254
10544
248488
46132
407624
593280
702525
669766
568304
999782
707056
356414
344198
983732
737334
854967
289555
503127
374407
539826
93347
474728
779161
982116
942582
305355
977737
650459
866132
866640
938041
561834
871132
321741
284861
636626
834413
710650
396673
662441
912468
90853
900943
701685
433577
17712
620437
197238
264076
295645
42286
916532
167366
419708
900430
457873
372456
36827
314657
732210
681553
763895
30987
741711
106894
462900
611875
973430
92618
782769
270368
252662
623143
809726
260554
718732
86339
413917
132932
486437
504593
292885
620411
128437
381667
311278
984544
851362
903649
330198
811014
254957
283448
845943
783727
853923
746547
339388
575693
488511
484942
423944
161826
267671
224976
749699
300204
422059
156257
278541
529022
550389
772453
90105
811944
774071
23474
477745
894275
104212
845515
232767
36674
187557
439065
957229
230544
503301
247482
189338
559973
355883
323347
296102
481119
736453
967399
825431
546120
522313
195343
54521
488864
398050
237677
223178
172694
838233
747040
882104
600455
35954
568681
133049
645202
291498
334438
973763
298644
455286
373779
789563
681841
640977
350619
473490
188119
359041
468748
372996
724319
210332
810809
719951
979220
779836
564145
104242
833683
302657
850885
90172
634011
674972
815105
777465
601236
585267
913812
15237
232995
452849
177907
680201
454663
204476
343472
38404
400426
407005
950682
143115
414995
265157
362394
343254
583495
955386
831145
231737
136711
313280
686824
371503
822669
736416
962894
491658
682400
199680
472379
837341
896001
801865
931614
316547
453896
872023
936468
992503
308975
106045
874328
211448
976441
719097
901069
116239
298526
540045
446165
124546
833726
46646
910686
65793
320260
996138
124213
121278
292553
526602
913795
583815
354050
627222
133000
786794
220827
264477
251198
409991
436917
295595
960159
227350
993257
225729
436626
469990
282605
509729
725841
912634
11840
923364
587304
632744
625670
820740
230891
131300
928499
232529
988029
796092
522404
542730
793464
761796
393027
732554
774319
811072
707352
163080
10314
777307
979411
91025
424644
149929
464657
120201
266043
83175
629044
684220
264696
732136
366277
541216
599477
2464
36766
494973
320417
251104
293370
382694
818862
786136
432630
396378
268634
472012
771121
140201
238616
756184
517814
548398
810713
57989
360729
363497
223661
203528
901138
706689
138421
153820
844450
296725
27572
146861
18384
61101
178127
145691
363583
806706
569250
691403
848690
227481
459883
793398
398433
283913
932963
312058
235463
464892
146687
257788
613097
261795
269621
509982
218003
391026
581340
426912
137931
960595
543263
163055
936631
577515
632615
654089
163006
579011
806596
393623
285862
184260
881946
239739
186312
176467
724843
20209
188070
860505
568221
462137
378412
612018
202797
971424
667695
229445
773693
638102
393008
977156
646126
363177
486980
548510
531187
657994
93076
80161
980659
201716
80956
730859
109691
753855
684318
717373
444280
608836
904721
37850
110645
462993
417075
325918
448074
101968
916668
968453
628222
110609
333074
848454
993753
787174
162428
892264
111420
259395
158845
663110
853901
339577
325089
494752
616222
457090
286500
715127
380682
267655
569652
71155
431855
650342
438622
24956
935999
814479
345031
639014
954582
833333
610446
461308
779609
267739
462997
559574
761515
531041
772229
508043
215869
337678
969789
979377
262622
519988
31025
49753
797612
165928
189249
420633
623093
910708
226872
45158
335724
321857
282761
297240
402774
568539
990308
286249
893727
498261
566039
627474
27323
513244
884486
660387
455012
536747
895072
529924
441586
193815
82750
621877
691049
767159
987254
852154
448014
98450
257325
785277
80018
418302
271993
156575
627249
545757
827300
471481
734007
216895
586194
799563
823120
671192
818361
514131
753275
294225
144456
517453
786928
36075
811244
166671
578131
729726
1078
543761
201136
985027
996304
391634
565892
455898
106416
479105
648919
273551
694176
239319
825372
872490
553820
208355
703985
580220
110336
317448
794746
664078
327415
217342
483868
649977
885553
565865
71416
164085
754842
424640
974615
754239
125639
350211
384139
677447
768164
626483
489612
54264
829395
312850
186689
311680
834528
536854
713958
458255
586805
871042
283886
233373
686823
850776
97009
472725
552765
671123
717678
52645
471594
292166
238543
504985
692487
287317
451640
336178
902344
930101
530669
480885
642120
432167
265314
389981
355163
211899
429860
711229
497054
705273
848721
66957
986873
30441
985072
491965
968843
283608
892076
619254
639134
672653
576668
655939
359841
125248
158573
778962
382065
678773
78920
672276
413390
221603
995885
153491
922945
758853
439944
703293
162232
944329
759948
313523
464099
455509
271040
336402
813216
103301
303841
627195
832923
666920
221130
323801
523596
566922
517157
554603
465801
575436
336542
297252
156543
471330
324370
318748
866541
120522
803173
194571
5806
111631
475621
218792
755834
576347
483898
256849
968076
487500
919284
273462
39987
458877
489538
76252
413684
179014
745446
626110
734776
94529
425900
128796
629844
257597
231791
203365
862876
115930
41110
769858
586581
389942
573763
259255
444340
811295
664606
740440
381073
277657
240188
122848
767746
727397
918162
86136
511543
970990
30613
902334
504
752578
429076
251519
820724
317154
957658
651355
484021
319770
769047
856122
991801
958
9812
665417
794145
791213
52480
834208
921373
798188
644973
589114
539874
358083
780479
430234
258560
692563
472468
845996
213068
951255
239034
938906
371708
534146
88802
533182
372137
772118
287208
196444
442294
903824
718176
24465
436522
963560
849935
735131
574967
63110
23402
815660
278144
667009
220055
746817
594996
288559
47631
662379
56272
840491
671881
516508
803370
18939
8522
737977
567266
910406
466663
979195
74780
356734
343250
357132
121502
913645
258327
242047
531843
731646
636274
108189
790368
249490
19054
736430
512103
388044
154212
990395
81759
663108
975035
523692
387187
630176
381921
526303
281237
787809
949387
643586
748807
744813
800045
637159
377909
729850
899756
818154
479224
907396
688528
158361
894286
265651
636405
771207
707078
936445
40060
35040
156990
986715
863909
951986
58495
803825
522125
152681
563131
777930
107244
319707
633794
42645
711452
193728
446345
10099
296334
587664
471114
591423
598853
898505
581137
205373
570991
621889
154512
357448
836539
756404
436792
563615
376518
745302
671564
985571
872975
792746
577377
924399
905001
747047
243819
787870
747094
552819
846698
356149
445165
148229
832434
459920
38125
861932
643305
733133
860099
931849
923756
923722
818204
459485
387019
651873
937985
298362
448943
384594
66728
995627
690659
720993
852951
255893
638362
387267
113924
671822
499145
861334
151023
933508
114695
430123
753051
244949
845258
697625
112361
489056
581116
987905
237240
460398
232066
282416
885959
602068
698769
606378
19137
746827
201213
604995
876458
854930
909708
132455
581702
561410
180721
786424
670461
539371
666864
467552
140670
156493
103719
666815
736930
16181
772192
982640
335666
106063
721685
530659
318725
414534
462084
628593
416493
536903
537797
974613
150716
733907
724865
249535
132399
618340
832233
68060
268597
929792
548512
530008
661892
903689
129576
277608
265888
159775
280110
287002
178275
709267
290648
124027
777751
319652
75139
541583
120733
577934
303836
578907
50625
433413
269226
71232
442042
561630
714412
298252
485613
864983
340117
921865
750939
104262
70314
928302
139842
567
242237
175780
124755
495660
260288
564444
118626
469027
900599
619380
205637
748109
176917
700361
637594
253314
270395
83478
847886
151313
239886
506636
961008
68804
524142
518170
337450
609098
253902
455140
703506
223307
677401
336344
548776
497509
229723
353315
270139
521306
932331
992865
952588
502200
129085
72336
923457
507649
864831
308184
515002
694441
14884
332016
236654
450232
39416
790026
94287
323392
818604
48351
87979
71529
830761
753164
808111
842225
638844
758017
110539
229297
387421
649503
829384
248120
922310
646618
62604
198963
584474
267880
361019
90484
987952
8215
162258
70550
11911
954326
908016
777577
689757
498763
671610
237995
878273
533240
70376
399454
217101
42731
196305
467605
634298
547750
36946
788358
921992
737112
749899
708850
401596
682605
752362
904016
621923
253417
588804
544483
523941
984850
393123
293026
918680
18363
439477
254414
124478
893303
810605
575901
520966
45013
376565
516994
403878
65617
69920
124994
452595
855230
197027
192147
590918
232722
86012
661651
309324
336632
255956
148772
331955
755246
338985
806226
130788
31506
132836
767559
734260
597077
711850
103184
246017
297032
288840
662114
374769
971543
695685
840321
862072
408817
396373
179408
952365
452684
738223
296474
456537
320171
502769
769189
567621
427479
390756
705296
242124
328742
716684
554866
300554
698489
645988
548955
828817
438596
302709
343002
761521
672233
713842
185816
775647
796087
797474
785344
866151
38313
123104
585126
885308
757377
176907
730989
431768
467662
668180
624079
386719
643408
284297
907895
643670
217722
119966
680138
640977
243499
46979
565644
618237
726110
509017
372828
716183
902128
14594
30276
489635
977798
449713
928065
527518
118270
781673
548352
567125
937028
337234
691732
171022
369383
697236
769314
155587
3524
256338
222757
792879
197540
584647
491020
380733
462093
950320
139675
871461
460246
128050
865227
726550
968906
280058
52096
888067
593750
31905
18305
533924
298188
699210
318477
722828
867979
234529
932736
827762
754052
453564
865301
62537
697269
643302
493947
514769
24761
265343
951030
19669
296763
718351
317351
559286
730306
897879
927606
747088
503465
246259
331702
238301
469925
886605
786427
561385
175836
452410
720602
77464
158783
543410
758044
262930
853789
771279
605049
771572
92741
526268
847193
139829
686101
