567803
702442
574179
209936
290635
955590
693832
689894
931037
65501
843297
780459
56355
633167
418754
642107
345356
43508
641913
909583
205989
631417
46883
932858
794341
893260
570563
834710
429425
614686
812402
98170
411142
741365
237784
613813
847751
310171
960927
37306
874587
934190
99050
475352
564488
246746
537608
909898
693552
731326
310796
344031
894594
34984
686292
271647
154554
305114
761144
830281
690132
866249
324002
196192
991746
103518
591121
528428
273542
840931
685586
659109
533682
170401
215570
790955
655780
394194
327015
675597
43400
800187
667642
646020
740856
641948
15592
806259
412521
755859
357971
253856
679380
132286
316323
84327
570927
454654
640486
949872
170644
831219
205950
402647
865226
442898
5867
903363
902437
975339
957646
199401
792045
803355
726071
653129
651364
799434
4532
753367
499213
579454
912417
711066
464719
346296
391605
447063
565047
599880
515116
640607
17079
195751
276387
915012
811567
396506
536149
879855
86524
42728
798243
475723
929394
438919
264370
975085
188523
847321
465641
891937
869800
545984
913677
669280
696922
598045
767598
232698
559263
54180
466799
952628
854343
345539
490245
93162
678137
894519
51907
776644
893703
783597
626571
546845
915708
45258
892040
927042
348645
436844
144821
487123
375740
743501
563987
870096
915225
947156
424444
716106
496881
620904
561312
171977
18500
432501
190551
203387
840386
629770
358185
853436
490135
321305
18643
427686
379937
591048
205292
227673
145787
40570
683842
677774
674624
243422
920924
118610
472425
876366
198471
117130
474057
441185
529059
272351
574937
432160
161090
142236
351978
121258
977212
65335
26893
223757
490067
10438
654160
162460
592137
98042
128239
916960
103444
758532
523087
565549
59521
7681
598628
579921
552767
148351
819699
857099
409234
689290
5911
594724
955382
269668
64816
447936
995185
633287
481740
269891
127984
617256
923057
821962
538638
992531
159744
993300
149701
72045
906076
476751
743223
733873
64640
785361
820669
119103
688028
722319
701515
813820
166572
140661
78556
892254
541000
334643
805404
910400
483201
647059
202589
542099
410057
526243
976271
226977
951990
621981
995212
945109
312671
196677
682081
335755
269574
709436
4821
785940
374819
431892
527124
446856
207052
956758
804984
156009
192213
451721
180292
286725
995320
789589
33750
321476
725402
261923
805166
254734
839023
466200
810064
446062
816416
115115
944594
438285
990844
356086
279801
906468
409095
662267
245870
258511
449248
870929
498461
664817
27486
636514
831259
705611
650718
101452
174668
185556
164737
444982
868920
462089
139650
392304
403095
523649
655083
394793
126623
572948
340695
327874
32713
529135
366290
196149
71219
84664
668214
225336
861319
544942
480998
496865
937168
253114
400147
584801
398953
381833
16917
602154
339250
868163
617487
764817
733682
554444
958487
65930
38304
437996
650058
597875
81957
184082
938168
318084
277480
685201
367378
568083
290093
714580
38338
490218
153599
350984
93815
839259
734394
899653
793874
296273
905459
21065
937757
220896
726764
713352
414393
655613
905152
379727
283056
137235
414499
756133
339649
199923
95984
598446
574349
976879
358175
24155
438879
202254
166176
553277
708678
884002
305397
357414
412185
856798
21286
280357
925370
366939
295914
962830
213681
903721
724236
5380
542837
755549
539983
681149
956251
872640
394770
592990
856093
123881
603780
844126
213700
780859
175691
626334
907031
112243
281314
623757
827086
328180
237010
354490
39293
812620
695414
33192
579764
474225
376967
357247
285526
394386
846856
344495
579741
421984
228812
940916
421422
597755
8924
957940
166715
676689
56191
637872
494002
111292
531401
591491
514219
338498
316146
147625
457640
292744
134220
638366
520238
436108
381348
219650
298204
499788
609859
802095
7838
92146
100216
903133
153376
910297
63148
386791
898108
227097
802651
208055
10154
248963
660220
425500
475860
430646
336727
305704
987109
493642
508914
418701
269992
107188
255642
134712
9598
290241
900667
508127
688425
772348
19888
928825
240686
809147
131165
926686
338709
476915
777119
673224
385025
610221
186214
41686
818931
255747
236708
121756
78239
789335
287748
254861
205674
700689
679833
472158
304826
647882
8705
298614
350709
58855
253497
106987
862526
410703
522851
984775
475357
728755
359046
425702
545302
92024
152853
185829
115007
740178
372352
928591
4098
153058
65468
766359
393450
357501
985472
553466
394412
732992
614913
807833
338634
170455
583441
197356
120273
620315
822690
559270
752318
866076
220515
20031
618737
760142
439156
845638
189392
229719
369909
352819
412443
532982
89408
909821
372661
511387
631516
362257
312113
57592
526070
864683
268079
578752
416115
419998
191341
686155
664905
836101
141409
152363
270240
275634
939835
611769
820991
653120
405363
458576
835316
368246
960505
307136
344134
158923
558172
839884
949454
951780
881738
642634
186625
880353
47927
416003
823299
992837
886537
942007
169316
723215
217100
591620
784802
764672
899555
997201
75375
364370
598462
983614
848014
143768
437534
93597
146028
455276
713321
477666
943047
856144
324221
113805
687679
273631
184696
279754
134911
483144
988198
244067
564886
412080
335927
160998
515759
218644
773240
231536
538408
451397
505016
706645
558612
965376
966948
740055
898877
803135
738478
212683
871927
739013
932389
462999
775183
105394
920396
198538
184759
12362
492836
874801
797593
783831
152937
661975
962811
834634
246786
473157
621766
66003
210794
923479
533166
612772
427888
667893
55600
1159
199869
95162
440498
72823
852261
927792
24104
984944
79874
215626
92114
616043
374969
891653
450202
450809
10593
264962
851133
146797
298940
213988
564698
308898
411234
314174
521656
124898
594191
723596
653842
964420
850090
390443
395608
31758
884864
439055
601028
494153
491944
48930
422927
780882
724909
793753
159494
638436
505157
194102
600994
300233
569828
762610
350558
770834
316286
223957
234596
814519
444019
57840
332970
228580
735203
635855
316154
975400
416875
362928
784038
479744
991819
54210
721025
665480
219528
923644
685758
420737
24260
808213
303387
573884
890239
268648
867386
951889
451453
431778
720427
560454
748738
94225
328179
373783
453040
545992
333937
154879
218957
696421
118447
829066
849013
293339
236479
869213
166854
368924
107458
182850
354825
953430
797104
196066
803912
124368
959812
176579
734608
501400
104495
376352
273925
531007
182020
40250
974551
110035
376923
637521
472459
638583
195118
960675
340613
559684
912673
708087
538962
654892
759323
101728
477845
977146
580082
120473
908974
468209
148052
808457
697781
628791
356730
748008
289528
104760
533937
424334
292326
299404
637587
226979
659329
471850
501109
510507
310482
364143
908583
702989
158483
91229
398605
455683
797700
923990
458571
170748
468667
44239
385274
248537
841349
586564
151063
285223
659737
835060
388164
681373
658955
108454
212444
212593
496905
6812
923234
316408
722435
937743
924747
531077
352762
655751
591057
684733
832918
5091
123220
371965
902229
730344
938669
217360
311712
984914
656130
625067
172460
790565
892869
751411
760294
592752
775393
918194
432991
753591
956875
325214
755531
455843
14652
946316
695174
419128
940951
440970
526299
922926
238917
888515
413952
77559
494324
455570
752338
80604
512407
520252
641561
219169
693394
86080
402266
78818
212937
594107
255182
20473
62845
907231
33722
728842
758166
202276
432685
745198
131387
990320
205437
564598
818399
736391
726341
328696
749008
336303
938478
395481
485850
550599
646906
137912
909740
974520
632304
165226
880474
826689
749157
183554
901986
463571
109467
828952
672208
588630
773291
512683
995673
364509
688242
265274
457282
436581
786401
762488
648738
182104
219565
45605
576502
49784
779989
934297
555302
951020
511887
870539
819301
828810
671503
636560
141183
129988
262009
803634
577185
443156
697520
330227
555762
135074
174484
503384
747493
597246
139638
663685
859810
845968
308856
565577
281430
653301
838828
965406
88839
992844
682730
5519
528967
932946
55982
928596
370570
563080
915901
875475
268155
421528
253292
533737
303323
947747
62925
123060
278364
214613
324359
766628
66859
503190
771274
588838
2070
835148
115164
674534
284675
831110
96602
663068
891713
731841
632652
614511
501387
586994
807994
712332
141504
200207
974657
146948
976713
29374
433823
225105
967379
140004
155509
24284
696293
803635
790428
814598
649935
145610
226033
840531
807649
715278
85903
191821
962514
779660
840184
871525
191549
899001
27565
698439
494078
152119
524627
227275
207733
693567
829920
883724
166568
800232
703561
231361
407620
756445
110027
478533
697806
122955
26738
931878
873344
132397
12821
234794
739476
596776
891329
416797
621220
245579
152721
835487
128391
293050
191890
187967
952554
351501
388899
501638
809597
31969
794248
120110
156210
49266
794619
399744
522036
599275
708377
68847
118277
751105
736062
448965
593116
200742
378096
883340
522594
373835
95800
331391
216782
98336
353517
670151
340031
470
84404
549153
34414
646056
715033
758653
185232
786288
265646
736293
212397
667413
983346
485151
973789
567625
638728
612744
213794
894779
30712
633928
144277
244454
797016
649274
791789
706893
203750
895995
451650
675298
710113
762387
5598
622749
146310
732457
926935
296475
333946
839863
437714
165890
536397
528738
127086
859994
823556
356149
685098
215307
326460
238721
988863
473399
429937
3354
893852
527934
813062
389465
353181
901338
565642
562126
59609
280137
135351
36625
274263
119457
486882
131112
152709
367235
86818
477982
474971
634904
833412
365903
974544
77042
465971
160427
123771
487622
832173
841801
881532
335104
612863
165363
581069
696547
829480
597840
793984
504791
845097
226598
314414
821807
802648
988341
207564
627346
241694
496305
298753
981803
207464
874180
691858
301591
101541
449702
153848
564542
946429
117654
973566
356108
987159
854668
130153
528038
924241
610892
766990
307857
567133
659073
217176
58617
14001
925087
519868
559526
879776
125021
235940
86585
977027
881194
408140
485083
305603
318236
904045
431959
944531
868307
964805
370359
153369
436321
447501
52920
969499
615668
381185
411966
527738
859859
509434
648884
496213
888359
686435
48484
757804
110915
908590
449164
592071
95006
722877
132220
477090
522941
499814
338216
942169
321851
243758
482734
196809
119613
764052
500786
385391
588825
798261
712097
818187
983039
307280
632991
991781
803359
198864
552913
190584
67052
122207
576220
352367
557939
199898
633518
116056
777051
118578
775800
437278
432888
426708
332691
68018
579109
938061
616037
476516
195155
206589
984057
164057
492815
776357
313066
631874
864660
92462
214351
522221
520580
783281
400845
381182
227991
910299
838820
28161
435223
886316
5380
740671
316950
241091
886248
664786
341432
902390
651964
734189
805515
677654
558100
79563
32182
527709
987494
354738
870448
922193
528658
864674
709205
839348
623434
266904
642453
707489
872590
590370
358517
626284
522529
753396
113712
994693
318036
269591
337985
174752
3167
385147
516055
384672
541337
554104
808707
580224
960800
478759
824116
529300
171311
370588
328399
768027
29609
803295
350267
177604
497210
255202
340107
970168
784646
367376
783575
759018
545265
735582
179791
939981
341073
320933
535266
935566
431745
976611
352421
767916
297755
888863
202594
398070
905607
836526
249636
396588
10108
293773
422768
690100
845913
800001
72239
264412
89849
968755
709148
891042
410147
299292
729893
748046
305319
73375
178657
983796
666995
618065
415947
658923
344667
399086
578841
685785
133120
327265
275792
364140
604262
443598
361461
534059
827840
593326
414283
743898
803274
522322
577245
860989
69951
613873
894416
219097
797808
371506
478366
181619
821813
598822
379677
327043
662660
604735
401027
340183
260092
527406
425285
131828
329928
417293
355446
606056
371260
870165
631617
194945
494888
322599
67240
228345
976862
432546
390368
688249
648639
403660
561939
367204
300813
372715
675273
786824
135733
121295
541390
289509
81609
775322
765566
919904
194707
945032
742847
451353
980715
554704
441076
973311
946177
984218
718082
678142
426756
91985
923097
529813
509972
399657
132013
112644
136953
573049
602399
88223
493214
703873
583068
616241
861042
327545
442557
916589
145477
609856
12643
422506
163209
884709
61970
648747
195973
829387
172071
96190
78096
911744
578527
609931
57299
19734
443205
952347
748556
375293
314429
911447
800574
369502
807303
710924
955721
102596
386346
134780
916573
447182
356357
208919
926592
57722
353091
872186
908784
614438
755244
210551
69593
241075
852472
296938
30773
324523
154570
255498
920301
214048
47393
403730
484342
540295
629436
952303
786270
823033
219526
264738
547843
55081
688658
86156
990908
728704
76812
507396
482531
22437
15660
45291
953714
933575
214708
149479
770376
301358
301813
87790
919588
788144
106000
739884
297516
35656
888188
442489
327062
84244
456533
891818
583687
632428
492317
75835
832051
399972
911161
125410
761853
111777
420867
293962
431409
34438
244678
146596
803317
900462
542651
49847
855112
545383
545804
232984
930764
101370
765535
17042
299759
974893
874172
512087
223662
420895
850990
222793
713569
726168
281944
758742
7515
924449
951170
879557
715995
25212
539086
686770
466669
736174
539981
892828
769824
184894
382055
996478
501382
22788
674070
764991
792310
256675
36950
979848
31898
502690
663298
376676
67053
70330
685553
247539
599681
184435
700097
276397
254673
719705
263175
772306
23277
71645
100600
987448
383432
119253
673343
948681
376949
465010
8806
11978
863787
183446
839627
757050
947957
339783
5372
460398
12270
737057
872659
698648
890576
263117
675449
635615
344353
785313
987650
128057
358170
504819
710865
532688
32487
633569
152817
48259
736801
237576
660426
251146
371671
891645
108351
764266
610344
673264
465619
16334
352393
763390
311344
342463
198115
779182
328680
984219
527064
994389
452038
937457
668540
668357
17794
760814
514622
369034
898866
460665
163266
979804
169610
715408
435718
331425
963110
300959
276086
696873
248916
517523
564600
584061
939343
589149
695856
29036
964229
797682
892002
765953
726079
641237
641002
72488
449651
150730
688058
228329
266483
86729
480214
767674
797282
154349
324833
913922
676994
704413
874450
45135
628241
918360
520140
532378
935480
828261
598576
731739
256007
744795
36615
136929
153029
835755
254614
155296
20699
659417
776388
587654
383538
6531
762589
801831
286778
16265
198272
943590
21985
545668
783975
531444
610900
374482
7485
80996
534486
89008
48968
584372
683633
249232
214259
381729
646832
256766
682595
642415
967547
2042
865851
369436
849917
766892
346329
164043
732298
678364
585685
388879
596379
187398
919962
749656
331753
811223
737764
374433
329221
571732
652930
454994
416892
631210
596479
458670
70147
681623
753880
668161
809985
213778
494764
930079
384143
181540
72905
632459
611518
632732
459993
908026
358985
861443
371391
816709
262923
526998
928027
628430
846963
89829
178692
3529
867930
206274
678216
861590
477591
734467
912295
523496
484237
696837
574954
214517
587140
336392
649153
834433
541633
220089
31184
218284
96519
544291
600557
296146
54056
560195
769883
25185
616199
494458
61408
35606
962537
203271
228135
257115
267908
833231
681620
191826
514911
238653
206279
282024
849625
282257
57816
610300
790319
971041
406091
19391
258985
58537
610317
795690
95527
317085
956005
875932
30120
876325
204951
650396
722658
419701
800812
998433
940191
265388
197152
392146
32867
502797
407609
243224
862880
596622
711496
649426
781224
577829
558179
852788
81027
695950
351555
66983
815617
391543
463213
443369
872918
351565
670299
713642
839484
820636
754539
558323
920485
580392
231858
390374
754070
338943
407670
587126
912145
626617
39304
771602
64353
570613
357807
65023
438614
924301
281196
328880
270047
831565
822294
624246
608952
975628
65337
187703
147223
84463
739283
846440
653984
650136
398111
709283
255209
216635
282883
408666
9793
644262
82793
585469
490830
456695
310537
608543
551842
87598
289400
498505
543700
748377
859744
49531
677125
633663
33856
169533
678386
796211
651266
492136
299788
846285
707787
843388
227014
439359
955809
649520
309585
164966
250284
804153
784985
378336
546310
618830
384643
731572
47423
965287
749806
980483
245530
857811
481699
758260
124240
143880
729296
876761
623686
483817
140671
609653
19373
108236
767199
539230
723726
628082
192261
669786
449544
269795
204446
676135
639404
388974
377607
469764
944678
890364
409602
680661
856752
69367
397847
947672
941521
347191
224961
736427
606928
667767
173821
158719
265825
758683
203145
362361
642663
514959
90558
51303
833011
390888
363259
777123
157462
85120
77997
536900
245525
137300
521340
642718
119884
378647
700455
993094
130735
960604
727574
411236
805894
850857
829343
654530
67325
924616
195117
895444
571154
271442
35976
603777
251856
367638
331885
159261
118467
195419
949704
981708
985513
509031
508980
428557
20543
941022
563411
545438
676416
622896
277978
431337
700360
907226
550813
33253
886797
474806
553937
770495
75643
181979
554849
971822
717490
793733
877805
144794
386123
760937
902396
252687
565735
904762
829315
398596
81361
94175
98078
756965
972753
996240
765994
284913
786009
99705
480855
551150
929234
212060
107198
548591
27884
362414
369018
783315
786363
693857
556710
106647
558508
909182
17659
375739
199538
391041
790942
315736
992826
629999
881709
140356
978742
196047
764012
650453
817693
61804
570907
28365
936255
975324
199073
300075
848226
185044
316890
684517
62842
75864
802775
775438
319291
550065
849384
274613
531008
253334
762837
256956
971113
984940
695191
795778
940462
301020
504104
247204
117559
356782
242093
787136
104141
405283
838590
70193
712800
357440
628632
221943
167697
194238
505301
941992
623416
707268
392689
665102
959558
592677
486363
100502
92159
745203
773550
514701
42184
69771
541523
424775
601407
625092
383042
651915
55938
733054
509325
636653
949055
598438
903804
782737
383699
958598
54858
903261
845886
211925
588358
713056
598220
787315
192339
646667
957726
542015
197832
18029
510131
666487
987711
689402
823877
21352
879093
52543
883395
290456
520654
979353
326223
169345
767979
79263
260486
478864
696547
754856
992999
539071
33167
10420
586515
305500
301577
370445
914387
48891
458304
111330
629117
151218
428883
614207
486412
924876
348031
427457
704920
392133
587508
730251
40442
16466
715676
813077
639217
844032
896506
855510
401251
787575
758574
279288
298798
579772
477187
513970
438090
683766
845466
769529
147163
605986
4503
795948
80037
832698
162241
746470
962328
328830
429493
837623
883356
639829
870912
813889
95234
389722
227028
290615
215794
803521
607356
718544
957403
20329
343117
798026
711153
511
885147
965422
509189
670935
455454
902750
737481
515603
586397
722431
463181
471928
854680
63224
880887
669504
152294
701414
579474
484372
717454
979377
497347
27581
547040
281484
441989
997749
40752
313289
882256
575234
142060
515785
754361
130256
604393
24648
888592
784331
412316
70836
848884
487626
554049
727913
518446
326819
772615
622646
442483
401557
222324
710489
192471
418874
996085
858911
514051
691053
817414
195118
102409
526356
588839
900295
226671
908098
406088
181112
648928
844773
263909
519350
574545
270910
629512
734549
648481
85907
904229
129736
975992
808084
186632
322596
244777
757784
75211
250670
52478
860700
228195
893055
504847
37795
51207
450920
952322
437240
201312
518863
112765
952780
171657
689239
623835
930544
360690
162454
2165
629956
281542
972390
201800
783984
330626
445751
866137
108160
859374
933380
855049
593759
924272
915158
16622
816550
593732
421427
530013
767618
894737
877785
925650
530112
439460
898871
718262
239427
445562
648810
254548
169057
524675
405701
613874
633468
143850
77598
61480
603373
697576
106813
584488
882993
9230
411066
361082
215642
478816
188537
229604
421233
270378
845859
109459
58885
282987
855621
474572
470263
414249
411391
751479
337986
551235
209530
852631
967939
296779
977888
219846
623268
483636
833587
823010
935056
234633
985295
58013
706129
623119
727280
70658
265738
969086
586165
676886
366015
982395
602846
641969
176670
198829
328177
329715
529345
145260
763852
70894
513007
415460
335880
64482
835461
50394
423503
379135
974452
567397
743370
739098
682190
189093
290829
953862
715159
324258
933672
45694
490134
461945
734738
776225
714025
527316
65721
185798
371556
710933
622105
161748
731777
492036
307407
180104
124017
777189
999121
697615
654501
257913
939232
479504
522375
703284
455947
786443
370678
435231
920310
797300
726102
636283
20302
515594
77999
432048
861640
466096
346406
933401
930423
517023
30398
521086
396353
113266
246066
342846
231729
732265
698472
513663
692843
783997
942599
337391
637845
120914
277084
5637
228350
640611
266625
830456
581433
330101
772716
598855
552042
38930
421139
207936
413640
911710
800096
944418
768970
199114
787791
869099
393391
268192
582959
977004
560801
168288
817454
991856
805301
363153
918271
991825
613208
324102
117705
489866
230939
463566
525849
977911
425361
92641
271303
65136
812259
833044
385314
169339
906920
250561
649533
356670
860720
704210
327095
300338
189864
406205
805318
430366
941052
550740
914924
661851
209137
907970
77236
172537
531738
179068
367700
886539
103884
203383
927007
300644
692611
981868
469623
632542
721893
598148
387640
169226
402158
539908
563815
988235
83816
322687
513021
559558
991221
528604
218997
332908
795091
764418
127108
129388
596944
711711
249961
792249
255219
960550
918863
844643
183631
140377
681123
616116
350609
287195
335487
855480
80914
251614
594324
93406
997871
622990
348550
735403
991480
934233
401565
623617
501001
413832
907074
920129
679364
515835
33981
100922
972756
959487
836713
841923
620442
581309
98299
526823
159127
136800
619325
346553
389608
381201
233661
717455
657100
435372
695254
999169
172844
675866
367110
984596
445757
175089
558726
479390
514568
402334
927959
967626
833703
233374
161851
844652
50244
9700
195207
125547
496162
55453
573437
395640
86637
638716
628733
953823
407025
234294
205649
871870
770646
442959
37617
154065
434968
59911
30309
59205
766669
983303
355944
734445
20121
690255
559515
336419
569780
694413
689229
803207
180187
40434
361144
123029
738569
452672
79778
854673
799803
897543
908239
906469
191443
637302
286612
355677
795395
140347
675959
757001
797082
965115
539293
276592
879933
936109
744703
44643
574767
303573
148448
829925
186225
804073
630350
707050
830580
525079
290642
276301
421489
952787
678563
473799
372756
115323
62940
79809
744599
187527
543746
926048
602483
962502
304995
56429
254530
533982
850209
670784
489807
82183
874472
840871
323434
273489
989699
566766
950679
550483
529664
308417
101536
563889
529719
615690
747763
87130
90083
590232
373650
237202
848566
350627
790227
435952
935967
985455
753367
178811
698648
83071
988526
852038
633488
977392
762167
228220
418403
156881
609385
375638
901223
309946
661601
61769
805932
697872
125895
166479
388749
17458
711739
795147
9782
725434
919405
545551
572553
801775
822956
341216
520901
113497
455659
858980
487108
166324
776919
762777
363154
931860
563933
202224
68871
864018
124392
281189
400247
84974
477267
26445
688293
631351
78009
989737
248646
852826
435081
683309
622618
378084
718410
45074
290204
312820
98820
140566
537998
614105
442107
364880
379119
607539
149402
345136
499860
907458
164066
464285
55437
808151
936178
548396
892664
141054
996097
918727
454599
717606
640526
372723
26260
185249
467928
425094
978811
337276
813659
948982
818586
364291
651854
703763
342254
879046
401357
449537
186194
46073
591604
775757
205401
738121
355583
932015
48433
563883
34141
161
391125
194045
895460
252048
157340
634881
677148
596132
283971
708359
414560
362429
513701
876023
456571
426818
363321
940842
999673
373012
792710
653237
429215
871821
167994
471161
446958
910257
97276
935287
227581
111517
918019
25796
590835
823763
500658
517624
956221
685317
110039
109057
670881
935458
569926
226488
634999
312509
123195
32498
802708
123851
163568
483063
689984
736806
712616
572499
694216
319519
324876
295545
375517
265081
647029
813699
223735
420245
158739
226081
348181
505077
626616
772536
841745
49020
357967
18584
452318
510181
677385
190066
885656
217725
436638
788223
851951
650526
150118
100965
10087
259378
949692
671873
433283
449940
280942
117359
832959
407568
693527
729481
729045
90062
229475
129656
292051
963415
469616
28654
995113
743603
320460
893885
494025
228594
618933
712803
330530
728486
21806
41940
924915
63699
168373
945871
197697
947261
87595
620754
72996
799199
84419
786676
914211
57210
839081
314477
224593
256560
321037
629559
169355
261378
405724
965439
706228
52466
469827
175862
397832
309015
274993
690300
442734
654726
825543
159425
596670
174671
950670
36225
145810
985593
817166
325214
432479
922419
196382
225504
617638
673197
133528
28447
66310
205013
921366
635725
12616
472723
114270
92666
243415
733491
378611
182953
27470
242360
390559
967322
862626
374757
50105
23681
42770
635069
198303
710750
911221
40347
85071
62463
541689
612469
818404
314047
709937
30809
150860
840564
954421
577007
755769
593685
612163
960729
161236
692907
211901
610839
492101
655106
601594
36173
492591
629706
454007
166919
33788
824569
400307
873539
753661
950465
278142
360978
239768
478216
172037
399350
739927
211783
961984
401930
138837
403388
733516
22481
291071
216954
187788
436151
418452
3928
615862
206726
426708
492884
416234
942208
231035
941260
936937
482757
54005
144600
701177
577503
287162
53227
9481
322918
201883
66020
598524
891666
245370
905691
295450
493877
406535
876199
94420
496357
773014
236951
786208
375559
491311
423383
70226
203558
289165
157834
81251
407224
94287
268853
129143
526455
235304
410046
231527
489231
475684
528545
66957
980442
778473
596929
962351
498235
994868
103866
600672
986843
295354
178659
375766
280166
399487
276131
583745
414882
522167
532118
478515
155825
570982
753889
795336
778061
610473
197228
893891
193360
636631
966599
335202
643380
156123
693829
414255
180835
694248
542633
492820
996846
656550
666058
596297
277655
47306
8333
461390
820083
335383
33369
161947
532139
586118
65631
12758
420214
495314
964287
2387
512322
254268
855941
238533
564567
295263
398771
781589
543083
121099
76772
31544
701413
605930
941774
14606
999429
431211
350639
301848
458355
84334
147640
523859
594470
815906
163257
326212
529609
152628
704838
371055
350324
874816
684667
594032
646554
826732
379077
367689
609874
123961
482356
344647
582160
864476
685058
908779
805781
588048
159064
392227
840168
822289
491840
337821
91335
976567
588206
933440
423666
496595
565208
800602
247390
232295
85365
863448
9072
103668
358133
63261
80648
945885
513628
528796
94095
986472
751431
961408
102844
463898
25132
167474
233855
463635
224918
903892
678081
295280
957650
926253
803095
54887
592056
570033
478406
582393
194007
541207
167317
689561
274382
865808
228572
693413
433113
988192
800780
10819
42213
151472
824707
340520
628968
239267
879571
728021
965788
532711
808317
831285
889404
791141
674501
357765
801168
108190
452368
363872
822339
414581
181255
999906
798219
584708
506024
497739
181441
232173
493634
229405
709199
242179
52567
48701
207881
8518
272997
414202
410901
311955
306322
92395
297944
171051
235801
714477
297985
883174
980366
584745
974981
469511
113012
84342
903162
775928
478264
245992
835278
752405
843066
599404
197498
947706
349696
533165
547732
734988
656698
73138
48350
219757
163541
488835
691836
98515
984437
149507
967282
691606
117150
900555
745460
41816
384339
81605
584851
611293
693435
337952
861948
878348
31998
195167
19418
147096
16553
894385
317615
437402
488354
157449
768231
666419
110730
658784
705297
442060
65310
536862
52781
926503
956280
716128
94547
187476
614618
626249
493111
336354
916540
322684
483401
508629
526019
642233
985745
330683
594274
827925
510881
238217
282197
706557
187839
208170
347240
543672
580292
810718
905964
139508
778185
188843
180253
714655
320418
928153
502048
766235
761961
800973
323698
62006
215201
734424
440919
192963
184052
979813
478634
228496
969911
846187
13128
827496
181126
968932
12365
564977
63784
557130
180477
444033
54884
867047
90779
493266
732031
55524
765654
419704
618168
126416
913034
953222
559809
299226
788570
808418
541009
591034
113979
185542
315473
453180
220365
439509
250174
796031
663038
228529
940900
535711
614728
888710
213398
991728
560310
106330
785779
643039
44342
244135
822711
681339
641933
36704
298266
775665
942463
533401
39573
910877
738609
339856
101372
852197
8574
142235
701805
704368
714071
449926
487021
483648
492152
853014
719736
898770
406231
750884
861765
905200
345041
269303
384783
945496
582391
941956
513650
608719
831238
585341
43350
728376
540756
956193
841635
517071
377171
598752
159005
321560
910977
45685
179725
547237
679837
471625
595354
40451
903948
42702
599795
587741
440545
942482
369759
842111
683404
989191
735666
253283
979639
995986
75838
25382
751334
357093
349075
789568
90462
820772
449684
900456
559548
568028
377224
924328
163660
606706
10471
853151
131037
832170
515707
133675
860409
537353
570837
479934
984450
810215
425042
857073
652718
725625
821276
59144
648497
975656
3633
884968
484770
627068
871697
757077
757057
63402
789798
693678
114917
520873
611541
641455
739973
610791
598168
691513
887960
765810
262688
10477
538115
927649
437032
13404
926168
320890
286872
938339
654666
668227
110264
501680
904421
966261
538828
455621
806743
837314
448878
623738
145792
105737
329628
43093
794641
137868
251541
765842
864614
628367
82138
548989
172175
671074
768019
765350
873187
312748
25117
772709
553781
392773
222284
303587
331607
55606
617749
573557
114196
405067
535198
705998
536215
656710
751601
90029
120048
140822
793809
715789
969424
540633
911870
259958
572677
149909
733775
783654
355388
248173
991165
948216
524959
212932
563737
481307
548881
353907
980451
172410
668809
643821
581406
552527
779216
990199
457744
284137
808189
631220
436433
76407
716229
771135
701476
882871
250602
856241
667340
915485
745599
995898
908922
453611
9609
798818
559211
675513
957238
717159
276296
836844
389154
611621
730239
490096
157270
938685
801951
861737
726177
7401
379438
763142
880467
818746
338867
19503
734485
885451
81648
597201
955942
467086
961779
66860
450925
586166
138403
720804
927663
807967
578370
549399
265093
775863
377438
82082
606046
74029
701428
386940
112006
576521
181146
142711
269211
107699
568930
879610
124943
994587
772517
744193
136180
570422
689899
582844
433333
920615
692897
949059
794662
404746
673400
945264
662339
592713
714274
77433
849434
23162
939241
21073
707731
320923
76518
304047
351382
838477
925667
541212
980249
604315
507327
937229
734607
924692
538643
41893
151732
349303
295531
426920
759405
133355
994506
668190
384101
939905
519038
784769
109660
921117
366895
108632
244758
452498
45827
155157
134506
552559
829659
1743
955345
596737
739417
587171
373973
750651
498046
222455
466774
85090
171007
846451
449013
268217
809999
720133
379270
467904
58564
590315
809679
285993
276329
643022
87369
25916
3653
192501
557209
746488
164366
542321
654825
467939
637197
805455
928311
558770
174705
784704
452929
806766
882559
386091
512635
744711
890848
915714
553914
920082
619421
606113
576717
124611
343271
354605
547668
86910
254207
684838
852191
331809
748243
67872
839936
240379
698691
597415
477432
788262
742103
796038
720607
943438
970407
350041
97722
212708
367127
787939
718518
895328
964827
643223
351741
427731
993257
681509
658163
196880
736552
280064
840286
179392
285222
10488
61776
59623
404004
89795
850672
185768
988952
443603
953048
938455
779870
480389
521250
673767
521991
956140
54978
469620
19953
880225
516533
82431
593239
699161
39220
757179
958025
686971
344217
12883
548047
977349
264939
662945
144476
734453
955160
254349
879773
370942
765614
756034
502188
579681
2628
93517
18610
679445
208336
974189
163291
634962
958327
251890
913300
616334
724451
321238
866234
194085
664118
596042
720622
853549
355315
684098
812648
445415
239446
270626
547729
147701
195883
430591
483836
795862
93706
697615
682051
718678
693496
358811
112563
677523
658380
531480
312035
250643
676951
84499
759805
203177
283902
655050
49049
64029
79732
20341
217148
854097
893712
876936
609200
281721
762394
993447
817845
425675
928252
786251
918884
376749
736791
563946
24293
371548
949548
248568
37787
65124
740124
671224
609516
118558
859718
26472
373799
891833
878382
636398
415670
172074
863875
13033
799951
119243
452522
5835
742522
66831
688463
946138
334308
403001
900918
486547
489911
79315
192882
155426
172655
775664
307908
78769
804164
291583
240336
921791
95951
392630
473163
596948
588499
682167
913230
95305
961904
851093
957446
948723
105279
690206
309176
572695
532644
327026
369879
661620
278918
480622
107476
45560
277567
384909
309278
503635
206021
856558
231797
567436
234223
60294
786328
417644
102754
793565
941437
221098
410397
423512
344877
58722
563863
55909
267040
723322
813868
475084
444121
842479
86409
107243
340908
216021
973428
39983
8689
522545
549801
101269
517607
85443
799513
44243
858376
639816
205439
400938
340599
66309
696040
64342
296217
677653
419776
662516
34467
960028
894992
236112
258890
373571
893557
802938
763978
486444
309964
577416
156602
423075
534352
171776
939755
576847
510146
195962
271949
338008
631445
951755
254697
377973
719530
461977
902090
254619
414914
973044
231975
464259
953454
42949
121367
706417
340768
314370
950786
953609
666859
607900
780743
303326
884672
164703
298104
989481
67235
361503
640605
152847
522072
353143
471310
342252
837013
618635
600420
545886
865054
466905
853996
884727
782351
356730
46191
846827
330209
260830
301110
950482
927643
971749
29231
648387
513215
196238
880439
507247
240108
448166
615134
88206
269878
697074
614075
79598
856678
932190
63916
386591
441751
956078
487576
506407
300257
785715
629416
857461
726917
600871
733962
353676
70928
77345
365076
106215
823862
209969
553903
748282
87324
347395
814943
669017
743878
244176
375960
744196
769436
6020
745229
494518
768819
135190
614026
217213
445073
459919
21218
744056
368924
548976
41208
195588
477605
515013
184458
634826
133951
985181
860334
890098
950781
382294
666688
898382
494965
120188
981665
607923
206875
135817
736524
236298
320032
828808
741927
745232
429014
953717
724211
287995
516175
894707
859641
816271
590545
375246
793253
14532
533155
864149
721311
706459
937663
740968
430758
363541
886175
37525
483346
667937
389749
21770
833577
236036
334181
337943
953955
234618
408094
943749
345115
776005
260000
78313
288111
879415
331278
813953
528754
670156
138958
200731
972377
560654
852216
214208
830067
722478
588408
213519
719182
71664
848119
551066
486816
623836
706940
461918
679019
