766528
247532
279389
129203
130033
308321
810026
211725
221032
748680
802397
962043
503401
781677
191008
510122
76162
712083
111619
95197
433428
217713
636954
237841
551825
3200
618468
744521
991459
904035
856916
980999
645405
926281
122330
846959
239490
866654
10363
198915
350853
923977
568149
231487
417831
385323
98867
320036
274982
952313
379807
315320
172213
700675
560233
329916
658245
248884
436078
724146
924867
673646
443987
471447
526979
269220
22703
491602
729091
187238
467982
600988
1919
965321
733583
759977
806413
35105
750199
585202
432658
528505
367036
413078
534939
122784
168839
35100
265452
918857
871911
556518
916451
632894
587631
322630
990724
247501
689531
681317
659207
250399
115677
115968
728849
680610
198024
646368
728495
24025
2920
996456
303974
970489
629156
633420
589368
350038
709322
452471
456034
183899
247512
30517
396689
590248
264121
994781
734423
973791
144728
192745
425980
781282
642106
356973
703937
425873
321608
535415
190262
338970
26095
770714
736853
73996
567780
758568
331232
13834
404056
479004
950875
910728
635974
976574
576338
237013
834267
335217
327146
72595
733795
360493
507729
396785
194291
274807
617924
589534
324114
991203
554312
733482
659848
805980
762493
677049
980227
975437
33556
598017
198893
208579
972307
305545
577681
693367
32837
831062
376542
266958
250720
616735
298636
705107
897686
542299
138553
687451
600608
686485
982114
110972
741116
797092
116142
92919
845656
587036
447415
790214
920609
73325
656579
297479
437096
955005
732339
559320
916615
194664
32454
171075
12868
987186
609575
562548
157936
482469
495015
640379
893879
977053
880979
181270
882778
703029
648314
537027
733149
615752
87371
744768
3430
636610
532948
709234
859203
568251
525613
149123
402020
736158
273060
803199
644948
130856
172268
891314
530460
273046
220036
508758
17516
855098
116196
803525
872159
725814
804129
730013
644750
81725
329759
516982
855067
873832
988379
846526
702800
886236
645765
557831
897314
661065
424733
352734
810425
852472
672545
808573
878256
443019
608291
401806
748567
75907
638951
302933
783632
737435
200778
38502
424794
783181
463753
81868
873633
436146
323464
326042
780983
399868
20125
866464
904820
741681
489944
117272
505357
138065
78332
915713
839834
415032
369454
906205
961761
29842
117588
75680
78435
872481
694239
820932
200000
546410
934440
870430
71346
552778
587713
868328
813593
784462
502730
148139
132400
831351
815906
348128
247631
297567
633300
777025
236610
228451
84200
951864
918921
887813
601905
487389
201976
216235
820079
870970
63104
926312
774349
927406
997473
499117
527690
693267
788638
350935
563012
825399
297861
847315
931478
124946
701782
191278
331616
590610
567475
911224
357090
218267
554400
628860
84029
559213
652925
412945
878303
334906
40847
362456
887438
880797
996862
781744
206278
446669
944311
363841
219229
559604
111072
637903
753627
986659
159427
584646
852207
752563
666120
478443
937767
514535
501690
6568
32700
776096
801320
615502
722530
202927
461758
655395
187123
809155
407242
909439
31540
759291
209848
207213
843435
338557
930614
552225
730999
262150
997144
242974
189232
548268
782182
962481
57986
633619
902422
599542
69459
641950
177910
913877
930542
824645
231850
401870
63220
677707
826531
728957
857440
593474
874842
258948
930341
272405
892974
990027
520628
954125
61892
941683
937053
365037
595567
552500
68904
351035
728851
516899
223814
748769
382056
913208
546253
708076
201390
363940
988485
905990
282751
188495
295482
143654
728238
892676
932597
201899
724985
606276
285085
927464
611330
819260
983122
54187
843291
51442
261448
307732
4693
100119
249265
851014
11516
877818
66426
803641
387873
289584
90569
577186
461660
632676
243532
782462
101465
95062
913413
781728
509079
655513
215705
883728
10451
907451
825394
175651
769970
189842
47192
11400
835172
64490
501357
159231
315642
694855
480156
127276
885474
583437
676514
468465
198815
585612
486921
197557
973063
3650
548618
312713
255751
791229
917622
296738
967896
393690
521084
845762
56486
118951
617580
584552
482670
774970
777179
702674
757168
556844
258074
254453
909894
893022
412426
61077
324414
684772
935250
856195
295928
769216
341408
33277
693769
939442
895392
365016
238741
545144
648543
20852
73750
542877
985494
760741
519908
117240
579538
697947
233181
803411
753704
721280
236370
166120
891404
591325
577621
707964
20021
688440
324396
835737
481410
291619
864165
771467
791822
812662
916703
265827
919252
444877
825629
548604
606707
481830
847539
730475
647529
151672
507627
644716
871339
528480
451369
995065
26048
214006
968515
45023
451444
46196
546780
895087
318119
937618
178676
483675
573254
943059
816453
515011
378843
641763
125856
880003
276848
817037
94778
282516
622882
954187
600849
676410
462332
173018
828932
588316
701923
408446
292312
820690
893864
14939
660612
668101
520472
412536
201503
320787
353830
121424
159383
182094
181396
125011
885971
592790
483305
449429
696459
86368
201116
267381
740089
30784
796623
43496
989149
885396
215400
446169
576507
252623
180105
75688
287220
30688
28631
152324
42484
589520
827068
279083
664039
375175
800496
439641
944084
511278
956337
208175
6936
412620
688517
826982
628162
331370
514713
288724
484967
490879
320493
416635
165661
675111
190347
433145
924365
849696
918801
987441
337542
206672
280408
798534
388404
401216
669983
499166
19238
836563
151147
244937
433529
905075
587747
373954
711919
436623
751815
658028
541314
115030
360931
748984
47419
679331
91982
859662
413666
489062
548304
387962
120201
110914
494181
725485
37801
138646
541378
134955
469082
24206
505566
472893
527187
846529
586093
765129
553967
75322
203447
98320
453920
943567
169587
961233
107393
727337
637706
524458
398367
596913
777206
316081
259093
522975
732225
832418
970604
748471
593697
296406
110930
7909
124825
102410
388686
139913
252320
26430
64405
671701
683453
684472
428017
852857
227322
638788
976796
470918
318976
404794
690283
963820
206557
993138
652363
720752
695869
413001
411105
169860
340681
674590
775612
470664
244011
77055
180522
741087
66055
835342
989988
278557
373644
433788
376571
697480
464433
264222
615671
871964
754365
425192
267170
685755
320194
433126
372912
488446
466005
477751
434463
742934
927081
464066
71275
148197
575553
332417
29299
559800
647007
336882
146902
50859
366340
803063
982969
236015
104830
910500
661490
311511
561909
177859
42872
720404
69987
398485
79312
256233
169034
783701
332796
437481
920611
877011
528142
492394
107285
536625
948101
923545
131648
543168
669675
947570
180883
422096
691046
332462
594416
160101
504715
660689
354674
551686
687585
133181
127989
622420
688607
886919
193631
862802
119666
993924
694061
417438
601099
776537
885266
950204
706304
701581
205987
968558
409393
927680
756949
289367
84970
972944
782666
524073
486536
903812
837320
638231
553248
914004
369724
366953
35782
221722
89217
393919
454192
570937
354760
674677
114723
451781
697937
215833
951956
724623
917504
689610
600144
915441
827813
360541
507212
213084
545740
129266
608334
774259
532938
864974
761835
831251
221798
480181
33055
814538
663239
809561
59168
1639
252681
522809
768232
197569
464209
766009
355525
977719
934064
292082
709581
415122
956645
298493
114437
519815
11407
235590
960019
438649
880810
777810
945509
695631
885353
974309
528426
139868
968761
697436
304333
934850
387715
778936
930863
435712
996819
688248
367452
435765
938749
766357
113919
319083
745320
891632
965891
924663
138300
102796
167811
718480
216920
417788
640440
143003
269363
714446
907755
484930
973287
920878
434102
123377
858885
910143
927653
113216
760099
171382
192666
785938
473591
495485
595304
949099
201537
461695
351637
290586
13730
191686
626567
880411
394028
926274
440090
932934
278116
752563
269723
266956
229507
107903
708447
643255
482397
550177
24293
631720
62126
824505
226860
732963
690422
404281
729662
897857
200905
760831
484730
66232
474262
651679
74555
704707
364289
724367
153139
408953
9964
940089
293436
584998
192873
516809
615640
544286
917367
112163
709670
211579
369716
911842
372099
204092
881601
927523
272608
789984
50560
666312
523528
687419
467233
886855
576894
670319
105984
367230
982231
156845
606960
802838
609131
606449
190715
297618
127470
62140
454004
542872
13752
202998
107508
758242
847586
231880
473324
855155
597148
878608
865296
854843
163475
391732
764968
333694
402487
882668
529270
445587
6076
479425
701295
268103
309719
353262
694687
661041
420564
625383
875676
588786
218958
43982
138137
424930
40247
383993
793093
777761
66930
363075
740700
376176
3999
753701
801051
724062
520838
147138
653997
769105
254303
468431
838078
679614
339303
965674
608350
788382
862642
526716
276812
892622
929797
293332
4511
505848
695847
806716
242138
911280
818598
83379
200224
430734
837238
872020
4672
731390
263950
28065
81657
596490
597331
758405
813846
718036
86002
869764
432783
610848
692370
156734
493830
877319
682883
741561
795263
582102
356107
935264
751416
328141
245103
630482
247004
420301
740221
109498
483461
742740
708873
351991
89322
898546
778193
834606
241280
429750
772305
754603
378116
709166
464870
503520
719354
502848
807683
446126
398621
461921
881552
206939
16498
298713
978456
182197
31134
573795
899897
266804
770177
474876
649038
806725
474770
911594
242426
576827
804499
211453
938654
303603
109085
167045
88732
611120
166783
68516
724332
957889
398592
570918
800313
508195
948867
534637
615251
214488
792300
647954
6495
14338
468159
408696
684001
994141
745138
708248
120717
383264
340497
596534
124690
339007
879432
878502
644048
771606
359758
798242
652903
280236
503030
735052
832417
657099
618868
137742
289616
776702
324813
892753
786483
178517
682913
636164
17559
691117
182486
796398
850252
159361
739029
689467
35890
778639
245746
602055
881338
810922
591636
534365
141108
626141
106902
390715
33613
553347
880245
521252
266836
743491
7141
441032
303365
644622
114425
482210
220890
323773
233519
598567
26451
965591
131612
153109
124490
498141
925505
709546
179313
161123
784889
524139
527263
487167
436032
576670
573048
847965
827671
835839
385524
889738
975018
122831
144726
588964
172553
435767
153105
987974
323866
568382
220469
207976
500266
683915
533397
75254
607446
1923
587234
99001
492730
695302
710157
531928
478062
687560
189473
107629
396985
867701
828644
831930
739876
572723
937981
261723
44987
255474
376892
379360
924914
644366
89678
160869
407429
462727
699186
488082
774185
606043
165991
298844
696218
188479
985551
598497
804425
20455
714730
359781
629606
60990
219482
769068
175925
485082
694863
655666
685042
164988
964522
304352
943381
820524
559027
807624
521379
425382
855054
886409
816814
946000
235185
970745
819702
80431
587293
219232
888712
646595
906838
103171
176814
754146
845623
969765
94165
521298
266760
32600
667498
463656
595351
84144
779044
379721
54191
278725
657428
564961
42271
118709
849989
666880
40365
805388
394063
52598
540790
349407
940894
477042
577374
847760
131055
596923
861789
881609
745107
880492
9119
144458
498571
397695
229129
895433
895155
114850
776542
755428
125205
460250
332808
715250
291577
281459
49796
877690
40239
733234
773762
319317
406770
684556
441647
15950
559373
507903
670736
259697
885313
421507
20686
866848
308929
533735
670660
388586
959087
908554
947642
801899
485336
430371
657353
660240
365089
170155
389297
238548
851909
460438
158759
353853
514433
682822
515424
947413
501280
452949
378748
568765
373183
782061
607320
240080
367984
191833
119091
933559
631901
321096
321700
190690
95348
624286
73897
976644
159791
133102
485427
799880
809476
586967
732909
398638
904446
514376
518186
18879
847288
232305
209456
39269
551642
675378
537011
730393
330741
480628
151030
710864
690933
133407
762017
139195
365182
990805
848678
458880
821934
488360
717031
814934
986410
769684
719099
833009
999890
969189
434518
586452
404279
193540
477515
38631
459005
520498
7706
367293
71348
478235
800380
884073
241882
579761
401711
589951
861579
579753
428352
869066
229114
218977
243615
481761
68232
293377
108098
704955
660073
218843
930501
406017
680288
958084
284477
376504
589629
530638
556073
705396
798495
383115
353356
996414
803442
567146
671498
359941
713480
959983
105099
28617
622273
358705
497317
872714
963006
272357
901105
394245
235847
348426
937185
395050
867638
812900
641260
867440
999017
67841
708386
690727
156733
818466
669428
205188
36113
543240
233868
224089
205057
638
402184
165628
995875
615833
659209
880121
12366
367692
93851
242560
140605
621491
193732
87828
43856
700922
763653
106806
562710
168898
491243
824234
83009
296602
933949
894200
551695
563854
200503
954484
223994
683749
905808
903357
948765
15649
707425
263764
930225
121220
322875
925417
601348
123893
148157
386671
88065
123391
256921
602932
489224
828457
254810
863513
365850
222678
481716
972017
131228
377980
436569
63861
228283
992947
467785
100389
752601
971523
327210
163139
927958
158852
536307
985984
687101
821551
960471
311912
227189
382858
67021
463539
463048
339715
347551
542075
560394
457024
559864
994115
733826
297848
258953
667091
299291
590120
860514
364571
243755
573749
509523
573925
943074
962613
146199
998620
384651
715335
516867
681611
748766
133304
358554
925051
630946
304951
517756
477122
471910
95086
245632
982235
362349
232802
883083
793492
372581
897202
9190
807861
416242
917951
73305
218554
173592
687888
823712
124136
332757
871835
508364
39285
401009
743594
834283
461356
15956
199315
840893
51504
815009
487387
304583
663771
939540
653693
711422
204200
833085
995004
168051
794372
394934
23999
8493
767527
809794
855216
146639
981537
935636
723764
838928
712598
419752
368157
922172
63392
269960
875584
723921
858913
983983
744542
588130
918144
939578
988234
394474
471906
874046
785220
732594
417219
820060
497925
606912
416914
401654
60103
876986
676741
283975
520977
403130
339735
258340
749381
970687
165415
415561
710796
51144
187231
764723
253133
738753
876968
475749
976485
277094
347074
618352
846997
561196
442199
895703
856213
22923
119210
329717
664518
90945
24958
139436
916724
305007
474972
98563
108417
432136
689838
536040
607202
389055
876727
645149
149205
449963
256563
997331
224057
961692
533842
848059
727015
670093
501379
916238
205773
394704
158298
173028
603766
278908
663890
504848
940600
136774
937011
664856
512070
442475
430230
563182
244600
566009
124577
745572
209956
126536
394130
259902
159666
745117
894124
209981
102425
841835
181101
699713
917011
557361
548964
663896
887071
262956
628779
947345
783348
352316
620734
966592
895224
386226
132975
117376
80620
618610
140322
147731
924503
222622
327563
415046
642634
749398
619619
869007
310703
251748
127303
602188
797896
714253
27164
725987
334060
843894
775457
974225
124073
53058
814812
92914
673864
744564
132824
729596
98751
380135
606004
982062
987971
307650
690055
298379
132493
317649
780053
350654
713613
59726
114997
986831
65113
248401
635554
251180
120877
71800
702720
400114
789765
717531
650699
999334
572665
399502
801790
19659
693535
732350
816619
31703
397225
78876
781598
651732
638020
662671
378569
537072
615606
855210
972427
953763
349860
234199
737192
752536
367882
479384
542773
785117
897541
685023
98037
390752
19210
863364
291150
605604
940491
372038
472642
927554
838052
47476
872683
156518
153711
74761
561998
21568
798872
231808
396189
393204
82093
973066
258858
221123
947906
902034
391987
855416
525419
599428
121986
471176
327411
921676
155161
766814
850995
511651
197741
931143
943271
935910
689996
734767
798241
971887
39979
103455
297409
387796
623552
691436
199020
342367
350008
425286
130255
801598
60608
243691
514773
985503
118987
549979
536075
396349
55417
464779
566367
328718
48884
876412
209225
391656
504232
349702
633884
560864
81129
376668
681849
581385
867804
30729
24287
638759
977858
845028
656484
194680
57865
5743
724129
472855
423829
784726
942325
112052
714280
520563
498451
648876
37294
375750
159456
206081
360356
271192
157560
64582
376877
271690
822745
913204
40310
164815
630958
73762
861637
994396
722692
864603
800405
864792
831271
119007
832897
125449
758199
668413
18416
958742
458087
528388
318751
878110
793783
9257
688372
962028
877969
186503
733217
857642
276429
791407
846865
596148
960196
480207
68922
853990
121663
866507
280522
624839
858032
918747
253318
739430
781120
109148
142562
492428
908982
582238
301105
155648
526073
737559
683578
382226
604822
955448
132708
822762
811765
59820
965036
762317
304372
68310
327510
780015
881809
192132
117091
707727
946102
251350
27430
294324
677197
898625
267315
317510
241557
991235
651037
64366
505756
979444
708254
383273
88464
322103
570014
431744
257732
118938
881964
973546
527865
493429
362275
119774
623524
997536
423647
677523
463331
128089
505866
799696
190862
905773
201433
918925
349079
269059
964523
951572
322491
421116
364764
328878
282364
848373
163929
688990
933875
287610
993619
744722
598256
609333
379387
406167
878569
154434
838556
481546
492359
443852
766621
182223
530934
815145
155245
661762
615228
107698
734598
475440
381194
289164
267341
535126
306771
236779
684573
714600
615392
381879
601041
97308
77306
58699
823024
574757
708592
198382
494729
386225
609824
588335
892246
528595
211348
845420
781102
451864
233522
181925
113109
735858
432615
426262
779770
431269
968527
673819
357431
488323
627106
68222
93494
997074
662530
371831
24828
476385
61943
397092
478142
604131
186560
5505
378805
549454
706397
737004
896937
742652
622554
369844
435320
766863
369494
575563
567725
614562
776753
495643
175023
437924
248873
93110
764349
810477
993651
378503
19707
24647
156843
548806
754044
650859
578454
617866
258857
767600
833430
763526
862366
787774
178495
382747
120199
235428
531674
889600
216257
894889
867250
22046
751459
633967
31181
272912
419681
864554
566378
343638
502059
262045
473380
195415
952332
713592
968302
425424
511408
588422
306613
467629
498010
28408
963203
536229
25438
277654
30420
615041
370757
406924
309368
756382
59345
618892
567398
32045
455803
665414
485959
115467
209241
227374
383060
339786
681379
709582
27300
745698
187635
835684
226256
38489
90394
134586
515060
307173
696836
913465
633282
269659
762679
603954
464368
748789
914387
107058
83588
712834
155205
497605
802981
876856
216161
640449
330867
761344
549502
824610
577484
855400
184096
839702
893495
457437
915633
255048
837415
339264
762899
880533
476049
144032
87076
711196
599340
271449
979104
229899
312819
727340
194521
619736
536417
919512
814989
270546
598653
251133
853870
314107
927182
678870
501820
823359
275968
819049
24794
439871
742733
397002
875071
510655
973154
536314
668278
110039
959531
224517
795513
215583
881455
766782
574750
222987
520979
403485
705414
426715
327880
683754
113306
127780
392536
302915
657538
669526
875982
904466
941871
857547
642617
727334
945574
844768
430761
267781
54447
173131
785624
997183
567877
377122
252215
753159
587674
749609
982101
976536
825509
165512
119938
551241
805411
407332
798194
310475
114606
317049
247318
168734
649222
463784
224035
144729
665167
9896
531442
115463
518294
631510
324404
651855
97100
802301
319217
487096
919396
215740
512305
768662
248875
726135
419273
97125
81663
10992
369085
668981
222179
849875
876629
929270
694526
274118
67844
322646
555163
582800
701240
382288
361919
296019
538640
495368
286068
113870
882149
682555
238083
560051
614644
227171
552101
950817
269232
314471
572531
702549
773770
567085
330909
388296
544355
934817
628004
358109
386361
152537
909821
4961
873711
840699
77444
965317
573874
345957
766994
975632
489910
260624
712565
752426
690511
286483
863739
579315
721031
897782
4296
925423
347172
188926
421523
480317
424488
530871
985756
661007
712798
312164
481166
798648
79897
816931
758617
745950
976315
810708
724080
281960
690220
321197
563414
914511
497404
402373
623782
904396
446051
684152
506479
963662
739780
923533
28330
568523
356630
478837
685428
599040
557483
140784
672298
556920
77533
72910
93919
155539
66829
879757
884590
880678
146955
321721
697648
162532
515618
21583
235072
639421
251793
201788
77854
900971
272985
936611
198066
547388
10462
59090
552121
468179
453842
659703
296944
981907
139219
569125
146040
179044
789244
198803
232933
554816
838867
776354
941464
130071
616869
128053
801449
609178
315081
212498
181873
810937
324834
61253
806538
832595
674592
292339
291717
406535
340436
204159
891233
517595
385701
41795
652216
784121
618676
91508
32935
914092
789073
44809
492419
906299
656508
568999
626762
781098
19739
666035
568047
783694
809813
295811
151548
65538
140698
647089
470759
661667
48074
728563
807369
510487
858618
203646
66576
974733
216457
592041
940384
108420
122259
784449
891576
3642
191545
533370
505070
566685
178722
961511
751254
995365
962985
224115
45167
528553
47396
760820
641403
341413
816331
516891
345253
886061
412927
673461
930363
449692
966082
241528
584655
213854
844231
870047
854200
513244
661106
526415
799309
910709
740401
281803
823462
736727
19432
390919
406886
475384
116741
545405
286609
419480
211302
611655
496497
669496
813037
773486
748728
28343
944697
480578
984203
106289
639296
670397
264001
193813
398450
126899
738814
372511
468162
771399
178631
980148
827251
341517
464180
182961
743665
571790
229427
341089
362481
474973
558181
964511
976384
813982
679799
986906
460288
443086
3387
403267
187095
334397
545658
487300
704647
856814
978324
261537
239303
28851
15971
450514
512766
701950
28188
282868
780775
117105
274451
292949
952277
383758
332849
591549
823878
7483
807158
242369
487844
986475
628458
479521
13036
796884
571067
900103
458800
561903
170504
214815
192934
1745
876125
135557
641602
825823
593526
339037
616552
498509
381061
688746
746508
865962
887305
727849
956669
848574
857457
763020
368017
977416
694203
169709
159640
233102
733616
750673
455697
69879
5223
556856
644902
861409
555746
25228
516612
89119
748344
171873
966952
244464
904967
753818
515381
799803
655852
682638
437749
514530
851560
755981
187186
861928
873464
633916
511419
838829
769519
414539
246647
177325
290113
518861
508272
519310
845360
412011
868602
433023
224352
781218
678063
271896
151457
992445
787373
135561
393586
419776
631764
986128
525977
608055
468208
134461
599611
770501
213684
262711
311459
383101
492503
390420
949711
257508
127986
421706
491072
811051
388305
163157
945355
798824
115576
471118
349257
341743
143132
446973
201429
748402
149449
661290
454963
979481
234425
627177
167450
41695
660041
923160
241191
526536
8414
377072
52192
459771
591614
932365
428468
963668
251318
482752
898187
835757
491260
80883
664014
107733
216908
966700
357517
401930
835044
621292
5772
301166
208147
399638
133915
276165
356198
458400
847994
21686
263833
235819
707489
806291
936594
389595
651266
174353
9305
145327
570962
199864
282207
913717
949653
16727
60473
576851
588198
607427
571377
916602
361418
337452
776096
805298
220617
766103
788476
124416
521749
753180
371008
198200
887831
132519
905135
825616
260280
481372
831828
327228
290001
700377
649100
82928
487181
98574
329873
533715
502847
980035
430552
376581
51259
44910
545145
937689
839835
977693
735866
620728
120002
282969
210081
399914
994477
563339
314889
513022
383681
65239
179542
607748
40171
179630
395535
111372
123499
971914
988577
936073
470609
529818
117470
680023
569082
186934
664093
335587
73473
875198
853335
696767
545850
97114
746690
1770
465
107555
513006
673435
972551
328649
253943
452555
950188
196086
110396
60366
677755
545675
181355
708051
74721
503794
866969
909614
1757
428040
891901
411473
25377
95430
653557
617598
158199
147162
676163
69094
707730
977846
360144
114085
827858
85616
290018
926926
872477
397187
652798
196219
444725
857518
34551
9428
866170
284839
893610
35187
654526
497540
126891
908746
52934
831096
561656
718870
549214
273994
357936
496575
303201
727249
996016
901559
988240
375705
482644
667523
840644
790784
474194
469815
659504
448825
289403
997549
775888
442513
362342
580736
989790
77657
205832
341433
383413
715559
575903
655872
23950
563635
35850
1752
326003
447577
357292
376221
8109
572240
400786
743684
415726
928867
229496
540360
776779
953155
162213
240525
415076
996780
232519
501721
364333
593971
605553
330263
873512
952552
307324
952369
774611
668761
78340
481728
320892
124017
413148
272233
350158
906732
324424
801364
62601
244836
922317
324886
918123
178160
574315
771067
551875
471802
264551
856288
834729
171989
885924
406812
948700
799190
378604
226827
387511
640809
936005
156169
294178
288237
122158
967677
74034
889594
676392
939403
274070
389605
786332
38120
573980
898049
829930
915517
52453
700552
382670
959040
196058
996732
104710
28633
763730
299054
571574
252384
526351
219051
238346
791810
41757
788989
550224
243256
373737
824901
885714
741214
584565
635270
900818
613488
920972
945069
161383
608740
672335
170081
965701
887984
222190
605382
703814
443964
46928
152799
834646
970727
268698
229535
619052
97430
637589
69755
554694
689712
366884
463858
33331
151280
448321
572589
913547
977049
695270
207636
489760
521377
991675
267664
767427
265649
650370
993430
183611
268372
671488
909317
171360
317304
12415
139316
543649
29164
43489
746864
670695
863569
953487
883480
490274
793009
806284
54412
39096
732501
509802
800951
544629
773555
881542
509241
728488
795131
820342
668718
96817
435974
74585
264274
649199
825622
639686
871961
554605
592164
167134
491632
687058
188981
335053
143701
664796
392530
17726
786110
968406
597097
171482
490203
851572
776990
537400
182821
33526
570155
72625
946733
455227
467043
237798
384291
701260
980740
774683
527492
40281
955808
459707
710194
837240
413036
613405
87387
107867
863319
821197
431197
254572
609287
851187
194136
13626
945484
168912
184688
918384
68653
258034
143057
603339
622532
410596
76266
283889
708856
614196
815946
193577
856867
715475
251766
313034
494689
340346
446037
262176
330326
573703
30273
868028
683601
861721
68333
6570
165907
154862
935343
337778
783806
935817
991358
629403
878722
79952
407692
810736
510399
719948
994984
919150
954785
705306
746254
521095
802540
122500
642686
952488
985336
895109
227226
733049
586371
125576
397581
342151
379008
894516
521631
264004
597208
387262
261888
4443
249706
549655
419220
118717
482183
461219
75778
268842
667245
872900
391509
121338
384702
318204
637392
793875
439625
733403
318135
583623
874796
159162
634820
906713
220782
187546
232790
584965
9968
771990
142336
414845
708619
716241
591183
546446
766650
696089
715505
526262
25044
324341
985666
942130
204149
706332
352422
967484
74084
496516
662655
508651
739666
834644
10788
189515
73409
902479
670501
214664
112311
808140
25696
708406
617581
617940
745716
179966
244872
274713
37275
51625
989491
819060
849159
383348
58211
135976
598374
495726
166566
80970
870909
454485
306662
504503
388384
425388
549836
198448
968644
658933
689030
112277
411673
362255
601146
560373
161105
138224
977232
304892
115121
574971
208428
214997
956341
339234
462163
882582
51046
429676
411081
585070
973991
559742
313745
951028
268711
602006
427110
609316
58713
816718
883357
340448
547808
603446
300817
788853
394422
547319
860869
710458
286133
219083
950860
777954
760165
454695
858674
117612
818236
178968
227042
717220
347753
626774
694917
141107
438752
130412
502400
874802
369439
634477
654703
651517
906755
326814
639080
205466
16804
988004
331785
230764
900329
725619
708148
594310
720876
136643
992134
76064
801959
530714
740512
350514
292092
796541
317488
253221
928253
676019
139053
540312
471855
193668
802930
588879
511771
196863
875100
935532
306120
617336
48385
174941
476441
277269
237885
119178
704697
313691
858829
792709
700310
616166
701112
463337
703619
619404
541586
165240
757369
631709
502470
957781
163690
264062
762515
352968
976964
118108
627110
284751
560708
611401
558204
129673
375114
776247
926837
391640
394583
944594
892735
888398
190988
218706
392376
814386
118274
492983
499481
128185
527960
533753
403532
848523
876571
826631
916384
678287
315881
1108
32610
67697
251199
570051
229782
592473
375583
663949
733646
119721
327575
532571
882711
944444
694055
706676
882054
364171
241115
933498
922624
610540
582457
132593
914804
141153
234270
141330
163023
43161
446079
838834
747402
529529
646807
117930
903896
75179
774171
653736
962980
2024
993907
653572
553001
666699
681308
697938
149862
494013
646737
347224
642718
699991
739919
854235
713111
252490
788330
898011
63392
643070
116204
173521
411395
842673
728135
860129
717024
593447
40987
353799
339130
648012
436230
774789
486669
846147
335253
642044
263140
480121
616126
572283
826984
353919
466321
50647
380131
682104
100540
816646
470791
582394
13130
484035
270
275716
451949
489157
918981
255459
509200
608822
811002
678165
999919
880055
824584
975454
677591
110042
710327
73462
480288
338782
26182
655906
745832
350550
667337
601884
114280
216203
675662
660066
341930
684147
301246
297128
313891
659520
522725
671597
155976
187592
29754
789770
492342
715091
602455
14941
502499
411024
956909
771676
392551
59250
414485
204966
614725
609375
607860
396315
202765
634895
280888
636181
387162
578341
917713
238415
918165
223251
154849
292015
750282
688995
22287
239738
694623
359285
448360
992103
56394
682820
812410
171968
236165
186628
259164
895517
858999
670726
725000
45840
65969
680075
788917
366719
440900
997920
236740
473066
605069
917182
973
591009
324213
935331
674604
699411
44341
830782
869149
319992
525313
690728
744945
159718
409041
614011
162784
167540
431241
75308
62278
519179
291688
76178
366301
100156
459057
204224
568321
16624
464623
732573
723143
272663
781553
60384
610090
805724
601667
729905
553121
747089
157334
921914
170065
523308
554423
902730
748197
332639
59276
958363
211343
412684
257205
795430
631518
435680
737533
880258
377565
524405
621740
646547
755635
55944
959580
881436
516367
371238
141336
322288
865179
268476
72623
587521
309793
881260
427047
261689
53536
783998
384040
235306
62126
30276
800611
726891
734660
465968
172495
484897
319591
399755
559141
740939
127949
237662
227818
935279
522187
563634
131779
125883
821796
36785
92804
122685
914057
213054
403482
822667
832256
199407
562211
302807
503115
512830
948453
736822
763352
103106
540085
974691
506059
744639
470033
856702
713595
81218
167664
311030
118254
398793
147735
438683
564328
750938
81920
501683
39618
543304
556599
354600
540132
888977
602776
932557
760328
712522
900282
984374
961859
421898
22426
44887
559365
153594
641682
506330
115315
38847
595017
109980
910726
375325
186154
25188
460510
961875
143408
54246
772624
892616
874943
428767
269711
981486
207374
643030
404508
592052
340473
554340
512012
914250
579391
402874
988075
147406
101666
319238
748704
807215
335306
227964
44125
816948
620906
40566
317235
353992
685396
513494
165297
548898
714117
52809
272593
26242
382392
177629
879179
541837
850227
842838
596488
453547
995790
703599
743442
869631
543280
939111
526795
191596
124827
691853
128195
765140
123319
148938
167845
853493
892701
214737
906735
365378
337100
150028
135360
960780
355911
579848
455744
559510
964253
170551
768387
861174
274194
55603
995845
40441
661033
491398
328526
970860
198176
999484
405676
997107
431708
202418
83805
265281
539589
585779
422321
412796
959792
186930
68130
613420
400591
814116
641649
439152
187904
480361
496685
20120
986982
291856
896586
996709
440215
615167
988353
295584
12179
921520
9109
949891
747803
910040
860430
650461
597874
843917
249319
422786
63304
58730
86484
891378
762861
516591
652712
814569
567630
478317
30831
62918
62262
651090
37824
465490
311321
100529
245371
746899
771380
137633
31098
32585
546680
386815
65462
647230
315821
457171
166947
129541
137194
463388
440079
554562
836258
42074
892129
389400
339193
485244
682873
908710
850269
59608
909757
127732
184146
805737
144009
290450
62204
987223
380224
772148
674248
475510
944779
144057
250135
405057
764056
722574
761943
629625
192477
253474
81799
250244
893957
796491
133598
306770
871623
187911
572055
758658
734958
784511
519217
781224
824666
354900
897574
734340
840961
666014
599213
41011
724229
478506
186108
180044
458910
667577
19549
458203
421716
548558
439288
868999
170480
983101
14014
718381
685584
799541
523708
673217
493153
924145
258273
240097
178303
86543
17852
716275
490402
865613
410736
662763
367468
130705
854460
593320
274171
455150
673873
353066
670347
589059
819617
979864
292697
66016
120121
465790
439859
242945
145790
129647
549360
147459
756571
149024
42957
743443
981685
899278
846555
834689
882669
871985
989775
240067
739367
878341
362937
255407
490355
277912
160873
236935
514181
804484
49487
738343
71332
171221
980937
493764
382234
676593
459450
386965
62894
739111
99552
53194
796010
303280
666934
631582
173442
820442
770265
782497
682077
419093
399371
474908
670317
301097
867274
10964
513865
704020
180884
500947
90819
65589
385069
55046
846700
19692
689993
93630
671511
924967
190285
630080
645911
452733
775953
2074
123436
765200
286038
599623
43115
124271
598601
419521
937185
686039
619933
372666
57784
461671
281427
234208
102672
319514
300416
468427
784114
167858
735782
591106
487481
325325
971979
383807
832229
785368
325390
86307
374129
792044
801185
12327
38638
668908
803792
694296
632848
804206
625424
471386
963703
182196
908366
593180
473131
115067
565175
449907
543342
754932
418328
777779
624707
175978
28366
511308
796153
102031
368566
174770
177942
537531
875622
306854
49721
964034
812641
766373
31552
304406
75903
716075
814359
117068
825920
525893
533036
393806
577769
608555
925972
62031
499206
589671
316843
599906
263676
578106
345814
188908
285640
474131
684209
775470
55738
615426
404456
145819
794760
222228
568567
511574
126818
408731
592461
813905
656610
90807
902654
461688
298184
8522
266429
624574
278154
458631
152127
946442
498560
564870
986319
916455
994868
168370
616455
767006
412957
15038
536963
893936
38800
720106
849377
632486
755406
931892
808012
988740
747431
566157
94803
386394
882567
215389
168847
504363
663599
919284
745589
571516
794566
825647
120323
513121
125455
836667
456181
783908
506315
194535
355419
333059
791368
474246
649378
670357
920696
432046
283885
124765
607423
578314
672246
264535
197990
330319
690517
763180
202648
605973
506503
421566
122318
319071
293869
978068
987770
351791
428915
136159
344161
419492
32101
730581
216302
852013
104196
877401
299057
247622
990596
341805
923978
91786
118693
738936
362210
610283
48470
271056
301748
601403
192860
361940
310639
697584
92837
391976
8931
682028
384143
8607
845186
270361
241897
320069
27057
242206
637074
80994
206580
882787
654779
462910
808742
29294
490554
984133
631976
371722
698841
875837
249312
268936
926299
601116
318156
437308
740882
186819
876307
184710
902438
846346
709885
781332
652338
268028
965714
195629
13908
229045
333842
161442
63816
806505
726795
119367
509264
369994
84924
547016
872129
460289
88306
872336
582743
617445
924049
728552
428704
344468
353666
638544
331051
74522
784228
397335
333292
243473
876182
802303
458678
311353
600544
473169
745582
53401
128989
55894
975171
508951
351737
774864
224851
926838
148040
461220
794962
539957
214293
340727
71499
605674
717679
448799
503213
413296
216448
607811
490570
237174
672784
622614
827385
946533
994873
401973
765743
483358
174709
879633
300500
653325
924313
747169
140389
423828
34119
744766
80512
372637
216346
792491
654843
356146
49050
336970
985729
245372
472652
389983
767042
299945
493487
101296
74024
36208
806560
245579
30909
629430
181845
755795
750220
350297
642342
17528
207413
654196
442900
571583
480821
783436
94141
743213
723337
894031
77526
803902
3713
771103
68846
844978
772324
585757
378294
870337
425988
472337
695357
373942
359856
443789
752150
145076
793720
813156
255939
935999
986628
379992
376693
942592
52332
445690
441259
39270
199723
682048
351686
75814
704716
530005
865775
16609
712637
897912
993138
24172
184682
899710
997743
644792
536459
440480
141772
835091
990441
538158
872606
668556
849119
295638
538429
591319
773475
787228
157370
632833
511567
697467
3761
864060
98029
564257
664553
261370
731755
31417
58817
562975
732308
229467
460674
720982
185671
743627
267709
7897
662000
563748
817875
528035
199191
938230
655723
606636
454919
810948
961766
202444
204057
838103
173391
74712
936478
379640
906203
531306
716216
935790
6106
533837
542765
38614
469770
584130
890325
602598
211342
684980
889572
182138
854625
513260
562381
701344
281907
786062
941966
480612
261345
968901
810949
882019
489529
586367
906204
234622
330881
999222
617240
775042
894502
996663
204478
395162
734019
342115
846949
359269
306713
723068
294743
316001
299341
941613
652666
235271
827770
278575
730727
838369
833213
832876
829939
962782
431632
786787
24057
545750
811373
349342
241875
398494
981736
590078
935019
741041
904831
117405
566571
63913
81260
126946
820272
694438
682858
973677
89526
257901
913338
321708
256276
46536
667352
586655
812025
771476
212757
373507
523588
383431
842704
194829
889791
570580
132801
451899
506003
861176
62444
638105
508773
122360
873509
32267
495262
511295
101505
867013
995785
963288
744624
402384
658803
475969
771391
890386
559714
629454
611572
968982
94896
932750
423295
922936
454571
917190
40923
977602
780945
737023
988087
84314
395161
893190
402297
693641
37694
90582
660085
287098
434819
903021
992051
635222
491662
651346
581277
681880
104610
31798
17631
781144
61950
478452
202190
714200
595596
307291
630141
598901
79099
962609
858253
288448
298781
647268
58493
100582
279954
326674
857632
34519
630378
622033
337526
362395
390579
893385
568422
287762
419185
336135
900403
175316
340685
281166
328714
66716
515923
341807
178326
699226
391487
460738
121701
567622
9550
101217
351910
544870
458882
938462
173728
341006
684726
729107
879311
67974
385562
303930
812034
887987
541649
187984
512380
885694
933416
379750
939790
134496
50402
843737
314477
659057
287199
264679
690816
449112
557480
932425
420756
863639
255292
325453
180035
162247
266115
190970
119002
708480
97352
827227
506771
156765
656976
748925
116284
907189
816703
589342
953590
482140
258254
992842
641603
401386
565790
160148
19930
108306
145170
752118
835366
945129
850445
67265
638553
397359
251486
932276
514058
626450
750757
339318
303985
182488
474134
613415
195958
491371
882725
687372
462172
323956
966270
373002
943365
646538
801032
176070
846910
460816
969539
303712
440951
555299
197441
984922
586620
175299
34566
14892
227923
374740
227785
925900
679126
434752
978973
308806
619970
35735
65539
8
894077
526085
126581
754813
815784
538051
889246
108386
208026
751130
421422
965664
15652
119317
975435
951191
427819
919089
414833
605947
832498
949215
940743
309807
534466
832667
609940
378864
6273
941122
931810
525738
694642
519142
404458
221897
535493
604786
419760
609629
724891
796575
112098
238832
748282
128669
286851
72810
280175
940538
274591
154843
127188
405761
504107
391049
68551
324184
118047
288522
67650
212038
372835
190253
172280
632399
375628
829994
986493
736612
509264
120000
418857
373874
595085
448667
992985
644890
194355
129267
32769
193567
477289
466824
842399
318639
803277
618577
12450
973577
514444
308875
383578
726942
671506
397440
247204
610874
970393
145554
137449
516858
479612
406492
197005
678189
931165
740922
642278
571177
81097
328937
958230
918068
984928
210316
264033
762161
626522
462651
848510
704249
356278
724145
557764
865215
507378
241962
885443
797777
690055
975456
757471
368159
813947
411753
640604
725641
611234
223327
137020
601313
647297
855836
799926
982578
469987
870312
509820
142832
61709
428720
769457
168236
194867
501501
490142
890959
548515
915140
998597
807080
834276
398224
969565
251471
41764
586607
608255
211618
581718
784569
793111
611683
658590
276977
447403
657695
878611
656338
793696
467541
230279
557114
391523
499968
455921
972315
162119
434283
830976
406100
659791
297795
323215
142027
87546
555559
335484
642011
653805
990103
157455
83375
402248
127839
740502
600892
972742
722037
209062
176120
823136
729870
899624
841425
186564
198236
710256
443733
467721
293875
396919
67246
214937
908911
648236
329476
754962
274707
70851
705815
725076
55557
896293
448987
274398
969134
495937
652694
783168
964054
936286
983832
420856
836910
715739
895387
78094
920932
874458
914942
928343
412748
856524
76408
926178
312300
903119
168866
725765
27324
369829
914813
177500
402460
877043
623375
716241
210229
281161
664374
177723
353234
894075
302653
122033
617268
207088
332945
77785
390591
70284
941211
815696
552145
896229
601345
979233
195536
503204
715888
636691
489491
421878
809578
920316
788123
154312
655898
450843
30643
786863
164975
509231
840414
625760
797121
440267
73206
954185
405477
919968
795201
45740
551853
503863
466306
902602
401786
262266
616897
555621
840303
849454
448851
190362
384321
537224
505551
703881
563235
802210
308305
300660
677941
216219
442600
182781
694719
9661
893770
79020
781971
65429
508506
48529
402907
939115
577505
388673
451439
631360
167268
516264
900169
419234
777764
461888
763786
693013
284443
335564
425973
133862
399305
221822
877521
377138
606055
485103
386311
334822
752525
631104
898820
441033
62749
770889
910137
792247
782687
901553
768061
479816
700023
659751
753821
299632
783401
816756
606815
50065
348334
751631
265537
962944
160843
333198
5046
832894
780600
679371
602259
661642
409626
835347
403657
471094
579284
843594
426319
61877
132171
494575
936401
53184
598432
606426
508699
656426
330212
604209
204047
447029
185968
443686
94550
79572
930909
182096
517778
241558
128448
242875
220768
543112
53034
929481
892834
474418
567488
21621
292037
445823
286892
134630
72614
123353
881400
664335
579902
155302
897481
946671
635415
51698
164774
587998
628031
329878
986799
561858
460017
719161
210362
624858
414690
791297
2060
471328
776214
906824
783893
612008
760562
27410
987340
6902
298669
259834
552885
798553
497258
872778
203779
912451
313745
319788
171803
172535
592402
772328
264704
925927
127525
634784
961209
997065
221048
313916
771088
898924
823469
269099
520383
197606
345008
641030
152529
382584
645110
630137
790805
177700
110440
366347
151484
1370
263522
103131
793296
883037
281033
23943
660782
646597
970502
348641
616188
831256
390438
132531
183402
198478
501182
397836
691476
536358
54413
744842
558537
554124
556293
375658
875748
355497
829808
341809
598912
541728
764028
860721
935654
187014
171695
907243
535821
585341
777652
106666
439326
643747
191222
327436
982755
216401
24326
342620
811951
651987
437902
912353
734191
764651
497771
154545
588681
790092
590371
211928
135568
677642
871592
474828
486932
418740
942991
537621
191988
876235
942733
124544
382165
163179
600596
448190
223397
623977
489462
890294
453536
830189
132743
936082
890763
329527
83530
496377
450746
662028
287958
216777
527757
635403
167186
28454
639438
614488
368980
135303
137975
582765
420149
831871
264524
374086
917113
441467
661181
956770
262765
494013
453577
867049
409068
379127
114019
567295
226930
950507
553132
23974
754863
302962
748459
704560
168490
613688
879851
596372
20793
888796
950410
569279
498140
903082
448253
612262
602824
463650
104498
477262
477405
789904
115542
474050
967713
873228
640161
481918
745719
324987
20111
188451
8445
513333
346729
56027
999494
663944
471016
304401
913257
393278
421390
438050
252546
750495
228991
834114
965355
479933
551578
932213
771884
824775
480102
597918
240416
648394
783886
609906
919029
932689
572570
514936
317920
207374
541072
443954
931885
106456
299754
898299
877098
387539
950256
359193
330650
897393
800223
384350
373461
941996
455548
615303
853616
958197
175582
547079
128039
930692
616850
187572
358246
626100
499879
878763
490203
431729
536323
284882
856451
459865
12857
864959
517360
983681
683283
181717
444884
416089
208011
30203
259248
978145
106164
825040
21267
222546
648671
730380
816206
543474
930050
804990
971860
29587
712842
738064
370314
333659
117729
998132
364060
319063
139605
418952
83499
504618
275690
13721
170959
579737
891490
589448
559142
717661
850889
58860
117807
727748
964213
613031
375665
999774
47247
163840
490889
535657
44966
641271
470259
416643
675365
854443
624232
777622
628398
190965
373468
386171
866706
143405
934503
647616
483138
776966
220297
998854
658542
355874
79123
315220
265380
504879
817260
707180
96613
781215
663216
302898
466314
623455
600687
468011
266261
383121
403556
89450
315649
123793
650683
816525
64956
64628
92807
392945
559734
604728
670176
539492
198138
684387
142224
886893
389438
595921
959939
98404
436987
366226
982858
685738
277201
591727
467580
844289
719362
291160
121167
365598
787375
650608
892110
547523
550351
822938
269560
700896
381009
76428
680371
196913
343222
729231
358242
50033
931646
269289
800140
646395
495899
344616
482502
171674
124729
580085
619204
2597
487797
498084
605232
273616
656384
417419
182155
325775
834496
971185
192762
562277
736230
242127
679852
442116
404626
736423
876805
189068
865567
952616
970857
901796
561308
566051
214450
690318
974835
859032
246451
346441
125631
18733
624149
501713
415912
266362
335747
497033
983635
414070
546736
747073
598671
767197
236585
149346
347455
275922
197180
981789
920509
455019
555011
941292
489188
766064
360929
318132
13197
770266
275150
39050
69872
280908
83861
478882
643308
600586
18350
604033
192091
272910
438165
360381
403831
589374
214638
100159
392988
488646
667830
644857
536079
33453
568748
71906
7404
561944
963985
226794
125449
951950
72461
882899
158156
313237
848083
732380
202251
489949
36396
57637
384594
60513
826928
790171
727836
54550
208991
815421
184446
241674
478104
140395
869198
71793
578555
795519
413765
537136
700556
470567
258066
86699
83379
923429
523447
506543
345400
697978
778662
342296
265213
951316
163545
528610
434873
929215
943298
667972
854081
45481
693318
336086
703091
494328
194925
268715
23329
714257
149504
269052
566022
191080
735955
997953
955834
927119
450286
656554
519142
248426
418803
314926
108833
850596
241834
398232
601392
628271
375370
126224
86894
985739
877911
866942
909867
279348
70514
999715
944198
546799
594193
90814
360880
827653
186600
745431
955314
289074
818735
522762
196853
279708
619742
113091
931262
199712
931206
709128
598290
323516
159165
691281
321530
426811
540096
591157
859337
930255
709722
560098
853334
864270
735982
432930
81372
888904
12681
66646
533664
983971
630086
903913
892561
806421
570438
320002
587442
735873
648193
903578
145674
403258
853551
805699
178494
187710
192861
58436
791407
852116
263025
569656
252838
857574
989498
923891
735011
458159
454210
666138
543412
257949
305730
589293
114942
710018
70627
239492
59616
180421
596936
283964
636579
113343
654391
138333
212579
718617
371216
890889
834497
544359
201179
910099
262888
718972
933051
727260
308761
620684
174853
915367
419177
605040
310355
139743
635232
895199
418045
552123
630089
337510
675317
553775
119520
593103
598222
366869
826795
581174
98961
521717
510424
272139
639509
803641
62757
402804
693639
338943
237232
430168
92481
821267
948341
471907
547678
457285
74479
800024
492695
527643
694861
431920
170608
717565
479187
388970
686705
774762
840885
619989
599011
195443
166742
132111
349575
574755
362899
536693
457121
879319
823962
363842
77164
352524
685854
82649
608518
937187
232246
29846
652494
663760
399040
50032
45983
604388
491025
574811
475450
389591
220970
977390
868699
529892
25212
73539
206426
440356
252230
438917
511898
198294
257962
271493
994198
768902
2661
502549
983363
521928
825865
427351
420976
47969
353521
983368
50738
285627
346552
367547
675675
805693
805959
480122
859137
957353
865516
913835
447734
295675
431439
896863
828086
73855
832838
161847
292511
40921
645972
526623
484966
479599
229220
316294
509865
380058
284976
434382
24451
756342
411174
442637
473046
350281
913609
940511
558398
697082
261771
461244
535936
567959
396124
340690
437520
889280
527492
558105
659431
596218
769814
761088
188174
553157
810037
151952
334296
885589
622162
20557
887382
610975
373827
14362
799255
304014
100602
437416
354508
626701
188370
880693
948839
869528
985241
950790
470949
552563
863515
989252
551975
71434
883941
682366
741367
987293
893421
263741
181619
438254
207286
745252
640964
717968
844492
883087
11773
207911
480296
785804
27758
244490
975977
325173
317007
167172
976170
982032
713842
868746
517645
289186
639211
653823
295859
35679
857451
216225
290074
728531
167869
394330
238395
258631
334496
464732
228962
638575
606351
136312
575228
325563
484414
835069
688558
911839
945310
49154
136874
437115
10296
528958
730832
530275
251563
778191
997883
219718
1711
962172
407
300969
884389
968917
438224
550325
555838
259294
26891
627580
6432
874472
855098
875958
309845
723825
653152
386731
864249
229586
704785
385495
662975
564929
475793
640898
546830
393873
690295
806493
516432
613844
933684
826982
123171
426011
85271
478340
341698
369715
70875
131566
388842
498127
226225
107921
9524
449960
987192
262159
12581
452490
656363
607219
524852
175257
127508
134244
341471
877949
129025
290322
250323
197610
806199
573213
748346
965980
608659
560796
346104
13480
537159
657927
117432
852976
650979
551309
264458
210650
318831
631631
343769
25332
238226
539969
274563
135117
866285
94029
953272
403995
30223
335964
419971
468299
520338
782083
722476
159317
639160
912787
25593
916796
146823
677074
90718
808706
367560
592182
850709
47256
946086
499149
144044
156405
226465
953173
477485
519757
480097
783241
189150
970807
484433
263405
402893
270489
740834
574289
574520
785245
828041
540463
629210
688489
250431
556069
35550
285881
612113
292792
101361
329237
694298
541116
874884
635463
768473
73509
364286
706171
14350
35836
79729
932680
392931
904286
997544
108601
936539
783389
112237
349398
162004
872047
860707
357264
37570
58649
178138
224006
603403
446598
506452
860218
670689
528144
311965
155792
187200
133556
12332
110502
283537
63175
263687
971405
444863
849957
44827
260870
707787
403184
10204
79245
274869
32922
227675
438857
52864
603247
746557
869248
15992
509309
16375
603025
363383
30965
277379
178535
511328
427890
625290
656427
25600
84456
413371
775361
784039
453237
203809
470577
887901
673096
247446
651307
671584
48111
25437
279907
17669
147682
936685
623656
848901
452478
381925
446460
638521
841961
985261
540265
319335
636694
640145
472294
355478
386548
967748
411634
764877
26659
408688
245028
626120
938246
319585
780708
603611
275512
583616
430460
480302
119342
170821
821208
649961
509155
550937
439982
763563
795418
294645
967269
724133
740446
701495
442782
83491
530175
123452
683947
436967
925589
873411
631201
394278
929256
509088
904105
383610
179868
964055
711544
826011
257346
359684
410101
565638
107373
289436
959395
254648
126023
51578
230820
257277
418788
738721
350901
507441
477563
960354
918246
240797
823338
7484
841426
342996
895887
933944
168332
591399
331347
98083
803955
353640
378327
709678
599197
472438
641505
962575
706256
29917
821034
370861
981902
297127
573533
645415
411088
649498
223452
83791
660469
233267
672886
242259
950426
966050
300624
214050
239261
920868
845635
512806
401324
474825
989795
594303
715857
600604
113395
216590
784326
190525
768516
812189
700626
90196
335409
638048
973122
762554
185831
513380
414031
956733
12444
731075
449011
498639
243584
317040
419002
504477
842877
329266
882715
249469
808248
971679
555637
52516
437615
901502
260923
564848
712962
38678
162782
35174
54524
78404
558527
324443
111135
346514
526797
744800
9819
239147
259067
739910
400652
483063
343641
417730
744224
898170
355051
453637
865680
858397
373637
788238
227854
363661
887882
146503
646916
811437
898251
955361
555352
565507
684111
485023
384329
974563
577982
812549
79935
847921
242761
982934
800985
554367
438032
726947
373429
620513
206839
335397
314902
10622
395463
109971
753504
845107
89167
614311
775681
689443
63837
419801
936537
393419
438398
554991
769957
368402
831837
459902
464692
701183
475752
662614
501936
463473
973359
45865
990633
442391
422921
248676
201706
769963
644613
306621
849471
121324
672302
553693
46390
205238
848162
822220
939039
679597
534484
588322
278153
744736
70748
847022
864893
385180
453207
214863
61209
184237
10572
269247
358801
472744
397066
50537
673420
807959
405659
83461
855484
146062
166801
395164
544508
591558
200597
411170
663239
8149
698506
489264
956142
625727
711841
964446
200453
19875
514321
477233
469095
857473
982993
668563
42752
156861
995588
406970
932477
72875
957436
778907
487656
884270
321049
74254
490978
811754
98151
258794
721759
164617
551394
758863
764942
602401
418603
774519
914835
627102
588372
267553
483372
597471
927456
648377
428271
605474
158237
172963
648168
67952
886341
313006
149866
550781
878341
964259
992705
876069
173893
140820
62850
575306
629890
338264
127249
531927
2650
655602
255783
899169
142266
117787
893053
448922
715461
701293
103191
685960
159476
177633
497501
795572
55132
922991
260444
878728
680581
427840
503128
84380
323661
572213
14833
297986
131108
255667
729505
440675
396113
549231
587462
358210
764570
154895
751357
15592
186846
216490
451016
244626
390784
714112
389198
933557
680731
234085
176991
907589
41152
623794
410074
86200
659474
140310
501012
138775
532480
647521
154477
666809
288005
948300
25433
195243
608000
246881
948695
876665
263869
202781
167159
192970
373807
134031
947115
256282
210397
211804
562660
230550
45119
435624
118931
204271
42968
94117
314870
233177
727221
766168
907040
434762
854412
403163
970559
223963
629427
198676
751715
33292
808267
626662
940021
5383
793189
32723
574290
857507
986288
532352
816365
703940
259271
873933
152285
840575
67571
118189
56098
945875
53088
830177
172992
369766
884555
327430
289415
942962
975492
391782
898958
182652
732896
483762
54718
63064
93154
681760
15547
69848
296327
885203
6408
459221
428708
312851
456680
974378
118598
101479
495543
832127
448504
349178
637469
787072
564260
327504
415270
957293
167293
278237
558558
73472
634232
524013
278385
852565
133659
163299
496238
199137
460208
785956
49362
869645
804360
339327
532659
431267
101148
137486
216195
985424
142255
637087
674025
292131
373246
388104
55075
109939
607497
109600
247198
596476
961474
639460
771711
682918
95402
785012
728726
313045
407846
342087
449925
215773
482296
234429
651933
202348
273421
702600
187433
763731
531023
960206
883225
960939
752306
588716
765945
412203
977749
422959
983054
694454
144986
866151
877830
763239
65679
355338
728693
624427
183063
141985
853209
564307
15836
98957
179382
530715
462052
142630
172613
423038
19393
240741
782933
570482
364598
589630
458609
547712
528264
335995
680020
965012
322252
219773
416231
653719
450489
564187
19479
688139
374845
813445
24332
808527
424867
436564
834099
164755
672041
857101
819382
611090
801165
570315
678819
578045
252211
990034
962639
611762
774503
143238
839253
41154
868987
553289
652595
650992
87390
494552
751812
279378
653251
840987
373833
566928
919171
285058
868935
280012
985617
886517
57086
298662
107336
343496
222070
978989
722059
49643
836229
509461
645442
320621
784369
542085
448767
184817
249688
127183
481066
183256
889472
602334
595569
537073
942296
2922
810657
924348
354096
338283
563130
809322
445902
920942
675099
974205
838511
877184
755346
886642
689159
296088
849298
981380
633030
553630
385021
216357
98585
941718
972581
862874
602465
584604
869522
767404
599241
113395
371628
640098
383048
747348
540233
923992
521068
881071
887388
41389
225750
918225
276571
331461
217617
994536
84457
995895
324309
504057
820579
315944
876184
478373
51843
483396
134235
442419
543320
128936
456844
93136
433076
307562
272564
96201
203625
191781
377456
312415
266731
454790
218625
985829
275189
832745
222975
539367
860385
29302
709682
325705
787771
531809
649015
112348
640142
891337
548272
142382
206780
818511
262444
1265
978322
632344
57529
402050
7859
337939
712939
329819
369106
587688
896980
805727
31406
700917
276521
136872
527145
171869
454309
966691
369744
103801
944881
109827
13034
132562
754814
594027
923594
690016
133014
101987
379087
364180
522002
860514
699937
35469
225308
808322
974915
10689
929582
909264
888066
524742
180551
430064
134743
133026
875181
44771
670996
182465
209991
910286
196613
583935
67527
795934
325171
834656
50078
626584
438223
444221
404781
549459
58629
861106
505995
860656
429577
517897
571247
159
950518
920565
472936
730588
945279
628440
888604
26626
38451
862918
82492
248516
202814
415636
567038
979165
276388
986474
760224
236046
127527
851663
527758
990319
124621
811958
755622
798214
968646
773475
590271
188883
684888
233757
115084
508888
526439
138923
902875
490596
898338
841016
615631
24814
180219
344378
991914
630149
861569
988877
965596
556974
115567
315411
218725
810736
389477
111527
577762
267805
880819
692377
917653
332174
188787
553433
387606
639928
223251
18522
139553
405027
101877
479439
627071
576066
887404
692924
238911
877159
52513
477977
924769
605205
867522
877397
921158
549363
467224
488811
125946
771635
207825
238887
671747
915675
22351
647160
552405
532578
230207
943083
819914
714928
758893
584696
57065
296025
120927
727509
495336
735373
409212
79400
647364
560695
530488
240385
61911
443650
335054
309633
498935
171478
812961
80233
711713
97053
378196
584291
854984
339698
118850
901145
180568
766994
990323
681230
854761
145255
751284
724533
229019
472243
149073
214554
626777
321509
172841
386735
161460
58792
362538
362543
403645
600424
74895
432567
330031
118633
544314
305891
826034
982613
348490
616455
270357
790782
948106
45989
768538
93138
289549
16900
809693
971576
265804
206777
751565
879820
155153
534464
658040
69990
188271
797083
145836
849124
190985
383801
218263
682302
36195
978290
473162
333337
626145
232922
291753
404304
283134
664397
712946
502913
89643
361540
955229
452835
135732
367773
628336
670298
530724
620043
616830
125728
482638
55951
484486
586788
7934
555471
518689
197021
695561
934858
699212
185527
819776
680100
457005
397107
451780
316848
815534
358374
86808
356186
60970
429754
632295
763871
903679
191448
138272
276470
452268
464114
350761
431523
593577
210256
961626
343601
848240
580400
149025
187984
542796
2898
475274
390202
920642
726594
371875
887319
911762
643288
748483
976019
613432
90662
923059
398871
917964
57266
432173
123772
623386
915527
296156
578647
368262
471905
718975
697446
17113
962470
464740
142938
286568
239933
319849
248275
793126
113548
18330
235815
625459
714811
236410
860157
217854
264010
255489
720133
819654
430648
267008
132470
110095
821939
258938
127833
576691
604492
582484
709542
473894
985382
357378
63579
916104
230441
313734
927742
118272
212556
314244
989923
166568
706251
320304
583428
963168
442950
24189
102380
412371
487253
817310
419378
160903
11948
890544
944539
911139
208776
458800
141561
48451
693944
198033
415526
557398
990778
406915
671755
463277
423176
626810
912096
720816
82322
61224
904809
154991
639559
670557
212446
757604
741324
627460
993633
745598
58522
583197
309713
841560
714661
461900
392655
565586
910570
445234
495249
957293
496576
784953
526093
135372
467779
952399
920188
621854
946646
266371
285592
930978
349649
965288
116448
968640
749607
577599
201712
64548
264548
643183
858027
497637
442540
333152
102427
921628
412649
626173
508294
994158
853542
810508
534653
578736
778338
9622
844799
477272
942552
950031
324797
846741
349391
904636
462131
153955
985587
67833
574269
640884
427538
859905
619508
882360
229308
773264
918983
443987
416729
802610
685061
499393
151213
749635
552127
170905
635007
520204
481525
86728
569351
511919
990907
896366
665488
323306
126463
969434
309757
828731
559385
429310
95749
690550
697086
115743
590285
483433
875881
241954
258096
393768
980955
903899
456068
433419
712695
581923
880787
493045
363046
881472
142602
374890
474066
100501
716491
747595
271002
427911
62996
267598
987686
802083
756911
4292
762766
773032
844681
999066
753415
334323
672237
903572
716451
635292
660647
40265
727748
388986
275871
673684
979311
816905
362133
441086
758591
720527
585681
635962
936202
512338
957163
925993
760548
918442
106918
189158
185084
899855
547860
527468
602674
327032
599252
79414
563175
447529
206492
923228
967713
451915
581093
111785
175217
992577
162207
854966
696605
914735
550309
988822
765231
577320
860541
998895
248413
509868
469972
489988
670785
185020
901670
938497
300204
125057
619860
655075
360907
371473
460828
682693
829893
586710
437206
176713
671118
340376
102683
223361
51285
713176
174095
562202
635096
98001
583076
715480
762604
818236
257043
427017
392819
417264
862573
869228
571791
237256
209177
270981
296151
954320
752475
305929
924971
961828
351903
988376
70005
848889
34907
210806
692460
15048
161264
421620
224916
484294
745354
399207
267013
261883
141257
120755
23076
817673
974877
30582
450708
233216
51641
774632
753191
546005
209538
621910
292139
370771
18084
778904
840664
623962
888786
72676
45123
375340
795852
565430
378988
598391
190605
383263
347136
461008
801711
377722
342360
13040
962018
662079
243598
538347
746706
933506
403614
235220
352567
217945
515413
25849
138323
338745
845397
98700
484572
463703
859214
941516
258272
993289
603808
844066
761059
571076
714539
24287
46444
200254
104702
655295
885505
592104
683900
516744
929850
136242
269024
643994
158990
789252
909837
359470
861528
480947
925172
536208
524929
914241
853237
864460
491336
253709
214414
572663
159499
344589
870203
54320
457061
918027
280988
982489
810967
641845
638533
477641
80713
300866
663227
50208
85862
390055
547991
879956
101493
22175
552461
549356
22644
772121
46577
631235
235913
50694
523232
22678
208805
72925
65899
405505
152792
648537
494140
888357
727826
390422
787302
676103
930173
551269
876578
236610
956537
411315
663327
142931
779797
778664
545664
443496
339732
191039
122328
114800
827262
476167
899021
647756
927798
755349
341476
464604
85300
226108
589114
584876
112450
630347
470651
840211
879134
109960
543634
419150
71367
56087
427772
172422
919441
86460
956757
194578
804088
560319
76794
128173
664742
862208
678711
606701
94645
401246
751357
977262
65185
106902
762462
160570
52120
879277
408841
128612
411647
413079
647856
745364
805799
230448
903088
617635
59885
470590
746904
555920
293111
189866
44940
481581
373168
740281
775064
775743
679882
778023
31001
289262
365050
657795
924928
139201
168352
979683
334805
743644
704798
529184
871278
982306
954863
834152
789924
428515
332018
241990
452776
982129
38321
756555
969452
628605
638225
55975
286220
873425
306513
137305
452597
889539
816320
721184
708548
536213
225631
89614
993946
830500
804240
780116
331625
686070
651404
969897
743103
113080
509594
846870
106787
656431
418943
803817
693868
793533
572737
200347
932911
336531
843633
360085
992833
425766
101032
272640
460419
630019
938291
351581
407671
95537
962349
561142
111873
370130
497250
204210
869662
661453
813732
275120
874395
779089
587632
717976
602561
975145
261403
340606
92654
854491
964773
860548
128201
858317
248992
829717
35133
288645
888817
803250
495190
656563
975218
573824
577262
650608
88862
90938
453731
470586
742605
649680
972342
160230
469613
703170
834493
772084
15375
51662
608888
643352
89763
781700
484172
948824
66142
887967
125696
549533
75616
724472
540393
495630
938881
177604
164389
245637
170983
996653
62381
972660
891952
57104
39412
118056
521592
491469
855432
517791
90847
596764
639478
365947
346190
26699
857307
541224
406888
276134
455942
398567
483832
380697
168254
116111
297084
100684
519610
492684
637834
219614
408934
672881
860238
319138
654744
839456
320120
526650
394728
912923
750965
439249
486705
459688
328239
205774
255133
155442
617828
349711
412305
286230
381687
931597
45228
182576
614352
794056
252267
249183
976220
430896
758418
105886
737608
511948
615710
479242
866253
519271
670865
108867
223610
367401
153264
737864
913148
864284
668771
635686
444738
539785
210300
64164
859378
818455
941712
779111
483222
231695
218466
244210
35241
319540
593567
719777
816535
6838
916152
395876
46384
853516
596905
401039
314864
100776
939861
885976
563328
105502
218550
723919
597077
42259
35093
865150
208940
741765
591880
18733
795798
805072
94580
425302
136103
25408
343761
963074
799849
457761
725055
444120
224983
586140
507862
173858
966251
217824
676387
746734
147405
864432
351181
650269
615239
730316
480228
52872
725156
359427
100151
813138
504143
887348
6219
116515
720382
550278
79946
563542
309606
10133
339969
215057
997442
428618
557950
921366
14148
220781
413113
808838
530090
215404
988012
611864
325183
113994
618915
507383
262697
242929
23855
872071
986109
446764
470572
415739
745792
647589
632777
714465
853752
602361
591000
715957
954318
222445
556748
515801
753408
715844
529828
757095
271865
64951
864131
283301
730667
466041
799824
587119
892307
959357
657781
537792
384506
833985
360894
27359
553285
878004
540159
782185
358174
173184
514475
652241
215646
9804
700164
980233
336584
67624
451552
672330
497063
892093
780638
407408
275233
771340
626522
353311
511108
449256
380253
680906
933020
963623
175913
805060
716343
608659
311236
28922
38205
162925
629487
957075
778818
562933
619607
873691
150907
675470
948083
762025
343967
737321
748358
551166
290016
535970
389250
685020
915045
683279
287327
813373
711097
316739
908149
965664
754167
880667
451462
266275
149500
231761
924559
894648
382451
929101
429974
637961
131943
487778
313065
793134
593953
284315
631531
248779
818006
278280
272796
250931
31219
123336
77851
958706
993073
70035
116068
988485
907954
853649
508350
469713
332403
622658
221414
614327
17415
701213
392345
929606
173252
913749
382796
826783
214569
119693
721642
473105
369764
688369
35041
643186
485731
491750
210064
315151
149104
754883
669326
837618
20339
641302
262973
431957
715783
889940
391757
121211
297208
530297
230000
127923
356191
7617
845843
905469
500311
87966
471336
540071
182873
268281
544861
369962
594795
729311
845092
425399
636642
147018
511540
309952
209090
164950
176020
838213
919433
43294
404687
161101
468510
270061
482228
108813
321163
664829
317622
741738
895960
809661
911926
85910
47161
455742
791868
29587
134110
115943
122033
726614
920115
326054
224700
59732
496350
667856
174352
910549
935284
193128
530189
70053
150312
998799
948812
747271
118638
296209
950468
170325
473720
455749
110742
202814
312704
500610
508070
32112
735723
905651
820161
960837
277336
745781
63212
925638
120031
222564
193330
65320
709223
70548
441942
348598
937698
356124
62839
183427
40649
410637
109510
357714
735050
20595
374885
823136
145868
386387
908346
157883
819604
490843
113750
71540
626895
676931
929266
965059
479359
111298
128282
322523
460200
215174
706258
544158
278142
256390
419411
906284
780878
790863
490036
132026
428602
150199
271021
814109
678508
447967
392780
121835
481213
282517
430560
171495
771920
370659
715920
93612
256424
374612
27657
335583
153077
655760
278280
621358
414720
72747
251645
900951
444698
707439
120149
990583
14569
876940
44051
288298
128383
37621
705652
259128
393959
992077
262840
658007
108422
583591
436310
929324
139395
105031
814885
412337
34182
285552
949270
381080
803561
546440
278170
178049
916696
372400
595837
356718
747299
798170
399071
272249
907205
575948
69411
966201
947274
557935
86340
571272
506933
560705
128034
930944
981355
885034
103255
331416
167513
570263
82082
246236
206005
360604
371407
759941
502901
897108
332884
52025
21296
677647
387033
203259
577867
923232
186597
535222
226218
886624
283268
707513
981735
823318
817589
722753
593032
893655
531381
192389
111463
349487
113969
715619
787491
393658
88095
344776
531932
423359
951377
299005
96817
449111
932229
836002
487377
53376
294538
391757
270676
875566
975236
243123
751063
221815
382331
637715
741146
294954
188000
842546
34442
946353
969702
695972
818186
863864
147420
880558
435804
207539
919469
505805
667315
990997
644567
625455
853983
653791
436827
160029
544856
777532
809112
676655
823727
439436
108213
840692
466555
162321
148900
290725
800374
539591
538286
918623
977753
610678
416098
987874
784751
630466
829323
228670
201389
661667
211436
652135
652541
323513
477992
285741
441955
192590
739665
88372
505599
314665
840813
616523
819692
525386
206830
424119
439688
69597
12438
124447
965452
342993
78109
971556
899218
487889
911266
48437
677628
275905
335735
200271
260115
466444
808165
235375
767579
970363
130782
127616
922446
442355
4627
859317
747955
959518
411319
420002
357419
775029
624986
434657
562070
876139
343722
33776
123197
444260
531357
117523
92425
890613
771518
447099
106164
127962
585890
910860
899407
406765
545993
324994
612157
711763
154327
47565
752832
105276
520094
599331
743654
152113
206166
65478
598968
13244
878804
47631
148801
157916
72709
109079
385399
441919
576954
700007
606279
433938
695594
632774
389085
356177
350651
226281
882080
245959
220535
731334
185067
64022
867398
677937
807443
172682
734103
726816
611189
686373
225899
959047
601060
400011
957640
711177
830257
93492
896285
57245
75466
855450
359448
187005
403018
923307
978937
509710
309831
199033
205275
879051
939612
287180
323113
41526
404439
539178
161041
149806
128808
443757
222410
128047
424631
388710
911158
323552
951087
725462
607563
505874
397181
773865
443427
619514
49400
176049
583927
269894
252519
587504
425252
345429
589275
731513
194867
750483
551363
536325
142627
197618
816739
19102
719223
170461
249718
297147
940487
441031
933738
46788
100715
628766
185758
659093
431426
789587
853905
69928
259390
43142
44724
567116
385592
338001
967461
480318
387127
615946
601496
82289
766080
