886957
439445
134857
14798
157405
283161
590817
333918
197005
568123
107339
449618
416146
120573
31634
61015
530777
759648
764920
807372
930534
437390
68341
923559
308198
531615
208596
547161
944298
871168
686605
641804
29929
487927
86862
820121
609320
393554
9869
748734
315675
884519
941014
811630
829670
820378
425171
800889
124224
598374
725547
520565
312858
930942
464870
30826
768202
345425
541845
337261
329458
595002
762777
629885
538511
964624
369590
518382
131749
176301
178544
947619
886952
572805
865119
152353
19710
885105
259904
41900
301703
534201
810641
235729
417391
903341
351121
689995
142294
129100
506900
130384
922364
818082
588788
949961
211801
537003
830622
23317
135356
813907
283740
984521
103536
470523
452991
689181
66843
874842
158280
806833
622504
109474
935684
372369
169718
106083
474210
643200
210349
584769
163629
897152
834500
697895
983205
537512
601377
83300
949386
729597
623557
734011
59307
756352
749947
348296
44337
492035
814161
910521
759378
361926
607675
857950
563348
72174
904256
467835
798464
753385
593019
647649
405449
817012
631422
895472
298132
772116
587140
361475
628962
196881
949819
861268
876696
286427
870212
679336
113523
523770
738309
925915
124515
732103
986458
291232
252093
933151
365963
222775
239375
46603
130797
238940
78812
278475
426181
427291
370923
262300
874677
986971
278336
976044
408987
226651
818204
922286
666119
86974
342207
171877
242386
970973
683396
636797
116336
169263
700564
755129
46686
812555
42381
212356
408140
593578
325989
528088
542456
899015
698617
892330
948013
357380
350881
851950
344734
634110
515254
847380
536024
471112
693788
764926
104951
389644
43400
267291
486507
462823
269514
835841
214992
599342
692864
310920
343378
272678
787304
821367
420266
912895
519956
115904
676878
691429
286056
792537
472298
605462
623506
348631
562120
38602
976750
331803
770843
157427
846471
376527
47593
259205
941631
675877
401691
664209
75373
982345
465278
384122
512129
905737
876704
131360
58275
661247
307780
842998
644111
17608
701737
346110
544497
80046
926373
119239
921870
431189
510693
998497
794406
746362
886788
218697
491567
927216
437479
587345
712298
566438
867442
729650
830175
735971
383110
420663
901145
938334
570462
10808
709751
408980
501252
706230
315807
836074
418765
30643
602821
647540
383954
825563
845560
872570
352853
907117
391742
734000
445298
215685
327741
755884
932628
570546
626171
401431
830715
845438
35750
61237
639564
673091
81362
437784
33976
999857
792797
400884
645320
768572
861889
42406
423584
790753
726636
977293
669485
82029
463899
166912
526655
973460
678370
568196
647638
508069
472042
957231
581728
607933
820938
11169
754880
502671
256985
198121
302843
199540
146527
722914
285319
288319
102092
957747
418250
160838
611033
497249
744909
687990
842865
789439
72252
541334
47262
410319
576495
921529
199311
281987
934318
306919
449216
986442
124176
62019
893409
998919
162195
130262
827873
185646
262390
843829
320851
684759
105635
709778
101064
43424
783575
88698
455053
210257
677538
64076
497670
377827
712819
27040
96414
309746
975924
320587
445303
91283
396671
974073
85340
37219
649360
584265
636695
407216
536179
474741
312853
392376
40758
967170
62273
487929
243591
472240
131629
322401
773077
583097
182535
608991
608845
658413
503047
694532
35940
261161
993922
687496
630133
101164
717312
747412
292425
367777
572551
440195
119977
266446
537481
391717
823255
178133
606024
904293
24921
213528
264396
773585
223345
953926
839931
818091
768
643058
453831
794224
392806
703149
724924
127654
7405
847258
462882
265404
458722
628125
397213
740606
501492
826717
516484
570487
592797
932491
553982
130325
887552
307078
225872
965048
247257
15210
367477
690454
812251
431092
232634
644029
270515
187306
29302
386744
10692
799620
295923
754430
883666
314971
780226
521508
503523
857508
283108
977628
91095
188761
960343
508445
263253
345779
872611
3313
97736
907767
677756
356074
335534
475714
330203
444661
546591
599141
968251
181556
144576
70579
442582
916264
258818
84217
607288
322328
292904
854949
273160
412389
624453
796639
54761
970644
304131
946559
552236
756078
409254
477540
730258
943396
876676
800970
397946
397118
800615
591529
584933
40266
100591
481926
235697
501420
248230
332289
854932
143121
624106
822583
212383
115598
987084
129738
610120
157076
51416
472382
841845
885810
603705
433056
267313
460417
407302
112977
888248
199645
119524
235976
22667
955971
493505
514250
581012
231625
388128
889972
400954
981797
277940
949337
212353
49294
609957
106056
887206
274690
480701
329350
699921
575321
491816
820291
915451
409612
461324
148281
727239
961234
73689
483158
404633
951866
407424
746528
735949
706515
433794
97742
377385
672239
563348
200445
714550
558741
232466
732807
533666
245438
918680
74814
227177
854860
975024
731469
869467
899958
738576
713643
794008
719285
34660
540441
382340
365694
427805
749024
293855
577802
658902
324862
271078
173095
841229
3701
39375
292029
820634
576223
152873
769864
877867
567340
345591
804825
902556
210986
511926
215083
520873
464060
517363
514355
858615
44493
193190
655016
610266
580654
312012
799962
864460
266814
307162
629642
506757
748305
693240
218151
105435
491540
489404
305703
455541
988156
24887
392167
934439
860223
948761
83128
460608
17557
71003
752384
838404
764206
328803
505362
924167
310130
933552
414947
564788
450286
706888
125318
844481
67642
740558
720454
667338
638035
886175
63016
290368
958353
353226
587188
226827
867047
399749
224777
169859
52835
65746
703774
793587
232917
311023
535958
390968
690970
826760
777907
812935
284284
114466
560377
286003
138465
647325
388161
94101
272353
73038
715303
52873
91097
216254
956522
662327
590392
686684
268412
537168
440211
821643
855387
466788
700497
722368
404053
454901
368883
477086
940304
44879
133563
290795
6680
613403
302654
63612
850674
432597
978928
791179
460439
61531
329791
678496
624296
915629
464920
684259
665338
688218
107278
908978
432743
48680
593462
83019
713107
989298
390747
7122
154004
264467
368104
918071
508616
284623
706308
30906
608672
116921
338159
29181
927137
723189
53340
651968
810570
428382
203020
868901
180036
427694
409503
751319
914187
958616
818963
397526
872472
74604
618447
523442
713939
735985
828752
114212
713446
15188
199916
839055
34902
763243
6997
411435
31638
55889
381416
83382
112707
636791
216876
108933
323557
28546
235395
490753
5821
211157
173679
116221
86452
265262
114460
629900
65309
586794
959239
919246
17908
888721
950227
19630
33232
647671
394274
927528
476372
856044
900482
605343
609855
622820
67543
571771
393299
76168
531922
877115
428939
63860
645429
766520
584042
923031
156998
278315
252089
779798
579979
861401
76580
907026
378406
837705
125025
466496
836166
182981
758854
643298
353290
811104
685078
678543
939363
560244
729941
618833
889616
442099
319530
568175
267564
695143
572332
483602
93617
356803
910089
124228
709160
158573
174634
193191
788199
833060
880571
954395
374193
976061
149202
102400
29640
930217
215039
151454
473616
340624
23758
885594
83457
850475
232602
486970
830485
379809
807134
782460
155476
344001
939771
131418
485029
607419
693406
94583
256757
62153
353312
311787
522595
319511
865035
752628
779833
426137
69162
882342
403773
345916
371027
147185
588817
444152
441152
674005
449421
503313
146032
317
137440
35615
539190
226644
436375
743984
746277
810620
978960
345283
936803
412310
951126
592086
691297
509527
825404
785429
149771
716306
569837
545091
854553
284758
90351
935664
62731
964708
961228
276542
962183
78685
428205
658817
970758
235812
438117
101234
710385
973806
598196
39969
391154
562532
212618
409060
773126
559595
195329
928540
300306
65796
695140
761973
598428
150516
368232
663417
896953
850928
413218
498655
497719
427364
384370
113859
225654
872018
882959
482420
130158
568527
916821
138581
786712
635766
736876
175858
23107
369602
271635
920779
405793
868973
974507
283948
661260
470772
621573
990170
34081
953040
245216
172086
233786
931206
877604
138668
37718
577455
453106
204286
937464
930777
368223
458782
636831
511352
171012
281942
248139
194775
419643
826961
634416
725508
158854
768497
342036
618126
677324
87735
826157
42950
927341
452305
818185
785649
253391
29946
185054
197690
422766
536926
658503
71740
795769
869212
548141
248293
480162
502732
447387
570463
487831
320135
645009
28994
294865
797947
287069
806908
710680
430340
285642
762885
965505
65581
164978
92457
668700
676668
915891
483001
244240
91381
329916
311642
470789
885562
845255
815565
468173
310280
489392
554856
655345
255732
163194
754438
880499
580846
521638
350289
970310
106723
820866
43916
445194
369110
773107
608541
366258
825744
847196
727339
617818
162614
805488
270668
915582
240794
955007
994424
583782
554274
286988
378403
694769
639334
912059
406141
183588
270516
441942
104404
515580
795696
930589
304777
389652
523190
756059
252066
752225
721715
718083
93250
676136
79098
366245
340014
417400
994794
260304
192279
230000
583196
40181
387870
301178
66632
193150
316559
207146
663376
312852
463899
716291
799360
422805
198085
146921
831025
618754
365537
398562
347811
67129
194474
231326
506057
32365
850682
614692
71026
813185
375070
689266
658209
324776
558426
672773
500132
664698
977603
103714
908476
506576
742032
73241
316983
157980
259200
809176
295371
72607
564919
534901
95612
856345
444245
911734
481340
703626
149232
425205
440986
250629
948544
721598
613783
496247
108925
479150
34626
787638
12971
695016
688686
86655
739177
793147
566841
507749
70271
94109
255441
304238
395307
944445
894638
902254
76890
427911
421697
622237
331806
444669
894659
549218
121412
134535
896375
154881
780950
356193
529789
183955
300472
549589
713005
264836
483530
647085
977703
412423
113680
774962
682975
180197
233043
809184
581325
12802
507093
602329
50819
162150
423839
941294
402244
722481
295376
335256
210234
885770
544475
130036
896181
921374
227875
880411
969450
952246
757541
77076
92023
148327
451172
777164
156599
397420
227179
888832
34681
505859
827250
562339
205805
128536
501984
798753
845249
562463
401007
716337
250150
7719
553115
400721
770107
36609
544495
461808
373746
94694
342330
829542
399016
192714
4119
635216
354460
541990
320004
721705
521855
828372
324
168503
717249
501447
799964
946055
829950
185837
483248
514484
659140
965212
110650
419168
948156
785041
644185
87204
249713
324350
582445
680339
507839
257436
209487
986164
438953
941041
337881
27465
592593
973104
729253
981895
303373
886802
449251
38474
702311
590554
545860
722280
449055
109244
962936
309297
745906
381733
656878
620318
707025
404136
782537
523460
579337
778173
884627
157952
566909
388290
528207
754189
862476
273964
900639
978635
578806
257832
796419
233379
402551
148446
178526
537525
948739
50172
58011
898704
172128
543728
180385
251998
983026
888145
805047
704616
856839
687805
953916
902277
850351
801312
710684
182657
186624
802449
598701
175080
407292
672020
885662
375420
723818
388853
646492
602801
169830
989437
856359
953011
266110
165067
622109
518479
10316
14962
228235
567707
944943
214450
229495
413199
461054
439516
911640
333791
421568
762377
8549
673868
578459
171750
15967
328158
898497
663876
891825
15435
697850
169187
459038
337884
786231
759537
81972
381887
181011
424171
910597
679356
737183
102427
437210
700889
246183
314065
880854
264291
945113
393864
705158
499990
397973
694886
279953
139927
818184
905033
381642
199227
411387
189862
115748
862126
553815
217539
381373
216331
642685
395415
161915
223058
307016
469740
556997
948636
103225
605760
550762
181405
825311
73889
308704
347694
956563
392203
22592
577506
573257
363213
782948
263554
421861
571251
271815
894685
716611
57033
574034
199926
140914
346114
380542
191091
520881
348575
348511
611268
918384
986204
170481
607847
454170
669661
248590
803128
684498
540340
342947
391000
282462
758950
835683
441761
857522
605007
989223
917931
132418
497625
767291
430718
432781
976638
833243
29156
493073
456996
866999
541023
989367
20810
193118
26036
649960
434610
204888
668937
188599
835749
443852
433714
816104
340106
924147
46610
168718
677781
359271
65930
731440
471481
212063
877501
709215
385564
602153
737806
770395
234231
532456
440657
199445
578401
143718
760209
646061
95019
25706
191896
63532
788513
443291
765187
783773
519904
659646
475187
278416
26906
107506
213699
881187
339457
693442
879150
721635
878096
9181
497482
186595
361598
298228
360336
587946
780901
776891
98872
953321
156396
700092
970297
79655
307795
271975
787168
492188
632549
697164
415566
74278
275703
149279
296476
399139
625980
666637
974578
979195
411162
240204
494795
33522
879232
379175
964087
286097
381957
149939
768176
427481
141922
896798
217021
491229
218337
254440
142346
940439
529792
172199
580240
765507
517042
136527
936803
864698
797370
99339
879165
604087
143368
972900
38593
457420
199692
870924
62198
376712
727114
31914
107244
69499
777460
656064
354450
314179
676563
277637
207386
700312
672401
799382
760770
669494
661638
661204
738282
654287
368709
272473
986011
500388
613109
827198
692619
934812
618201
52514
257695
83987
689076
545129
990614
199764
650132
920301
135762
990621
460167
676469
207864
459649
420586
267640
270889
552387
302204
331541
123832
15316
466719
379771
391684
475545
404577
139108
394877
400875
203581
239572
809871
772823
9292
858316
475499
194486
926343
393487
788867
579705
978584
163022
221232
586627
696424
136249
443498
549231
34504
960903
942942
458309
322558
11774
792946
736810
9436
981908
263301
378665
28007
36698
84897
417441
638342
335689
180222
292301
580084
244293
342950
248315
338823
815200
170959
536336
762236
9456
374515
527869
579508
413924
311858
597862
583272
372657
232639
410218
594660
687671
948206
776016
787866
42430
994219
977747
98320
469936
180430
912074
512001
269740
47033
53235
850003
253235
109639
894502
837298
275386
242176
662208
669739
454446
18932
906855
189032
334326
848368
831145
572055
828471
720085
78819
562915
756076
656640
72197
991266
764881
629507
640705
317782
111652
513240
346563
578982
581917
637594
293587
233602
446762
628910
940896
828760
141933
649096
30010
149450
548020
837936
479670
757026
57195
924308
96279
879387
331486
638077
624718
621972
171273
864298
443584
243226
978661
53007
138649
369305
172755
793139
35139
290301
310542
702918
340575
810816
304745
696701
907350
23213
970550
326628
687400
952174
445355
309564
739943
770453
715140
895845
42059
34386
523992
806590
943309
987196
765082
240398
280366
774950
35718
944417
323155
196181
895413
195056
553554
937022
695921
525429
934335
53156
106824
461322
227670
513347
65376
581547
106199
376360
466019
608812
106086
410838
443467
45698
642314
257283
287018
545096
116740
280070
899043
506152
618577
462622
682771
84597
704044
605048
481591
866219
815768
801479
945746
891805
944163
25938
116079
779155
265115
410454
109034
356046
518049
433954
103405
244861
241267
288481
152040
110024
918418
304309
691602
770643
226142
403976
618694
486176
67031
20793
513756
673629
176628
559685
95217
979044
866092
766874
310049
558460
685605
824051
703317
878642
240730
512128
633006
539890
309323
187816
20593
253894
90023
330644
795633
591623
308714
264875
575441
757937
209168
62695
20746
150738
955907
602668
10771
632615
941046
264239
755696
17019
436312
676481
871014
767153
579092
297515
914577
300220
293505
643287
155582
281699
471451
63294
254412
634587
228928
160153
638727
269411
318710
719949
249132
515366
663179
866624
618354
117397
611556
425835
954002
784204
607940
678184
690394
820785
156697
501068
430202
263206
661523
11662
234732
898505
405486
14810
402089
514603
46150
32997
567552
707365
201594
448459
126993
102249
489726
715278
425675
597376
45114
97178
830339
437255
773063
105246
741179
102233
581563
279269
378359
669669
730094
673520
464901
513206
709443
682748
249944
935310
463669
319147
100433
442524
539425
122381
1450
864546
924130
450171
774028
454189
697784
253246
803546
136167
844651
645684
909764
183506
358820
660366
3061
437356
885539
592685
445132
205939
844612
611247
337092
911573
634122
418697
578311
507219
469495
549039
795768
507072
979214
260408
87677
494541
6310
73088
49703
172208
48841
504473
621099
134108
565930
433160
535031
174561
517385
955248
857438
21921
189405
781765
481663
638658
756002
799400
824909
273038
642017
592104
745799
366314
229900
754868
536377
138344
894896
851203
377618
41357
93906
736704
414753
887304
717399
206750
779012
839729
415987
531667
456147
831822
533184
363796
425677
980340
31522
716780
201691
749839
849757
307836
973088
638935
853146
43665
285079
278734
469870
402910
249471
932240
606663
332618
159339
331490
65613
201220
588847
811402
369832
903206
491083
516138
1674
897792
554353
229829
844441
704189
52301
627297
434441
244390
28705
924187
800491
86513
474795
80134
575836
805333
399737
268575
8221
851361
426143
663616
487963
722592
881462
765142
73097
266986
990412
69608
901783
937455
646765
146533
90332
182098
937443
431154
853407
398536
174374
745944
755194
99049
155177
22386
197081
355726
930546
12962
761631
261686
631379
415379
435467
7682
973254
842086
548791
877693
260648
787248
400023
704909
161359
411937
180893
199840
270965
798122
874934
587570
92558
269370
616941
151975
653820
28827
5999
736872
473920
494381
21899
819134
226939
182271
739583
162651
677422
49424
970572
772164
