467472
343455
447737
855138
320055
691873
623702
597735
986949
933899
997595
215208
221838
375977
774345
179399
673029
156878
10255
807864
544908
610544
340300
483528
688075
19887
159532
633960
942592
238804
458720
638306
792558
668373
300408
587078
430877
833271
149952
494968
385730
545828
408681
840865
607398
601238
744663
69955
301974
421312
384427
394597
945290
314077
74160
337020
820392
952987
592053
65516
400742
937483
415152
539545
679095
34198
863881
812143
167899
451429
287489
322518
903301
72354
537980
