92955
732619
762437
833806
749905
716957
807108
767395
699984
230543
232576
367003
913468
691156
46150
729120
954780
20189
973418
65592
263130
278215
343840
125570
311422
468568
30759
700150
330816
355993
710023
247931
99146
89774
905081
656325
251835
784707
61774
989860
647147
40239
158849
863712
778737
491712
985361
695989
476150
686008
436026
294705
737366
297505
248378
409080
486035
160996
858387
245391
896283
850899
460857
929074
475340
25376
367537
863152
958637
783375
678437
67564
323582
14105
346118
149053
46226
569271
694074
767695
581062
692109
86057
632854
860297
654695
469672
396047
876226
574403
625797
273402
326832
404072
628893
829690
267285
984843
702121
402919
331110
465573
154009
198781
723502
701902
158397
662407
413463
1348
453875
727815
940682
743756
880567
268620
341089
356526
865540
364238
303127
450185
206678
821609
485596
75717
546398
884684
853
376694
443923
523935
493064
689480
503229
5431
30419
933134
846102
59171
629030
240582
652206
816686
596763
754163
203964
492075
358360
866993
411597
79637
825634
85672
196231
389632
426144
88362
780388
184334
933778
190279
70492
114891
795027
864235
226832
648085
507270
803199
810510
400342
342260
784072
938813
910125
329102
783169
957014
566279
148139
209574
45440
687575
671717
628499
941110
710172
880239
211404
699926
363063
904176
564493
977837
572611
383229
268338
243940
578853
296932
635014
353632
367133
539748
877943
195022
740929
358663
206278
468530
175074
26928
415137
889042
374987
578644
923268
969177
540148
971678
217104
853180
713463
133019
906412
559222
724962
393469
981754
720261
410337
865944
642554
9335
548893
161115
388496
728816
348049
959740
476190
176726
519975
364239
820866
529252
283859
414972
290080
747928
94308
5304
783058
873600
973800
265142
996630
492745
789620
95329
822968
907760
989350
40941
718260
742578
498402
564542
835669
131469
489018
558267
195912
230626
610547
817863
472155
572052
804602
560180
287229
582178
35049
329306
55132
743761
605663
382039
558619
227066
938526
869865
552797
487955
390245
678789
478648
656008
269256
138348
560277
444639
852364
962750
565429
784918
664797
242244
248677
350586
649542
247149
194085
799634
357256
984018
954909
906451
313921
778410
186545
321985
775681
186490
516872
109789
36139
782177
339351
92307
182403
771219
582141
387899
735919
849537
602682
168537
222107
497134
206556
547505
952837
370124
818882
490478
393644
366325
66862
274550
809557
72925
64152
776263
109131
434054
341336
856320
564113
123543
357180
974796
210968
805522
294197
489412
186129
119280
698634
473485
19283
558506
710474
910229
149642
610250
887680
854923
634787
265223
83111
395829
682673
784684
921047
367796
331086
619453
433729
519
264410
577077
820474
14828
150993
68390
551265
202867
35319
359967
859173
734388
533592
131521
997470
330854
41285
569857
481959
214146
329875
574272
567959
367063
904660
753992
592771
605238
193403
777181
967451
34789
807576
412565
990709
385083
665171
578001
972958
290461
234243
828631
802996
764959
187196
108265
275765
473078
726619
422656
199159
594144
995038
142229
145799
371193
995477
74914
786320
341583
213783
308315
634584
967014
876404
612913
787373
564978
46838
183571
745620
632541
28623
828051
670406
837535
311533
935525
610711
707093
767820
405080
753990
139317
993434
490956
170820
294002
89366
703790
228688
664149
42074
416566
708871
660659
307350
246845
516816
158286
683236
678396
3976
165397
253953
854628
604148
145214
487694
