741841
259417
740906
330510
439134
222752
493300
670428
324182
101658
252361
315608
362477
205549
510422
204573
258791
671083
113898
246924
736756
21229
420721
788792
887525
437281
69185
530738
436064
868226
303712
78351
686987
186262
536435
974286
442044
833850
22141
688846
151877
599794
46294
14280
8981
443573
114552
614848
793878
70106
124328
294135
289987
198928
992084
427998
721318
910648
916247
738370
353832
604717
486442
434242
12500
939686
248176
442468
735914
144264
795837
666651
219758
490604
853747
207329
548692
819504
390851
93223
333026
74003
729033
661210
559772
207087
805910
512114
590411
684834
548649
182766
955021
645220
49694
416333
714628
861182
415400
993424
757062
259258
979096
971380
70899
889642
599612
494035
841911
143080
72066
547724
359817
485294
307598
218560
301617
811756
107168
435672
220180
706474
637448
368897
897515
552039
370107
589791
314970
68598
327054
251465
340641
59727
768896
599334
800477
815398
501986
948007
89373
493725
308996
720685
312002
657976
759966
707346
324357
671910
892850
978255
211133
52673
33207
678969
252276
576096
944507
202367
792035
614611
286395
489695
361640
849188
742782
336832
684374
799251
695227
962853
102382
730329
630098
716052
578001
689562
970297
756531
601201
979697
118616
834554
225265
730554
142429
531149
807909
431423
60695
490544
363452
246414
420834
501405
886906
321439
42806
378003
749152
340773
643445
911691
462628
461277
326286
36795
224068
310801
305227
722418
560601
898621
435790
315341
807917
907753
242329
39563
185982
233107
551066
924699
272320
637117
43881
525657
679790
414509
599303
83102
842830
817563
129354
206614
99520
43080
185586
46793
528001
707425
668691
691908
977627
562142
730678
343198
437070
988563
206184
859482
329991
569150
125183
425532
229193
581615
764973
424286
663241
198230
488135
669769
646446
440717
188544
82094
695781
275648
540288
421620
32929
597907
540318
65366
926141
969750
708883
437295
833979
204712
288589
914724
220085
774145
20553
710815
179892
364780
387307
12299
826420
54836
907596
559902
432858
681033
761940
765541
539816
252244
202519
593965
929106
174661
301340
798183
746231
962367
537754
110434
422130
610743
384433
115118
750452
7903
36512
299044
132473
961786
964502
737948
422031
437081
375449
554581
510554
658188
634538
886197
916700
626646
691879
585945
394499
418520
962561
411230
556537
82724
200096
558393
368297
152270
900552
770720
628713
489585
573302
906771
145423
717288
286266
90537
730959
588954
523630
542519
40328
880768
352818
569653
100048
714749
494360
874880
969335
897213
976836
164923
53799
296482
579777
754072
817226
203056
219111
951288
789726
87874
186189
106554
72440
743564
10683
772856
564444
511767
544539
833479
8755
851642
440104
104624
91978
197737
514608
93746
730763
620485
218618
218174
494705
532373
85794
474445
191386
873788
525311
764490
994765
802511
653456
41682
105528
42772
390556
199041
526191
118575
194874
299913
555760
552355
526758
937105
243339
934258
241847
283721
759244
622113
287666
847482
400409
510447
344224
362523
123702
621627
818498
250656
421883
178558
810071
537246
134062
467177
829640
944681
185383
192570
558859
503833
544577
691444
489643
617107
244571
349909
758027
688255
828609
674990
912351
895672
326837
68324
904230
775730
16199
945326
796044
219581
953040
575442
668566
946312
612935
260502
359999
722450
640800
616482
749084
307393
399473
471427
250061
332449
240707
642133
276999
194624
363624
837942
34792
934261
317947
867884
890237
27483
110173
89240
138838
972855
268422
612196
150479
56440
895488
87416
225455
218985
618856
29974
982478
355832
95056
546783
775199
772764
525414
870874
136348
129854
745690
914386
572185
899453
872020
804714
299432
307432
734360
574777
199959
508535
751875
83265
306686
830086
609088
333877
8917
498473
373753
363146
4515
721839
87183
992003
401147
498575
574826
946550
492463
578797
866396
105878
830420
103425
732755
844640
571759
906683
480542
956870
714548
214681
782460
401905
348785
195546
19019
321642
927425
661823
970643
438049
300017
668382
196944
936965
53765
147929
795238
664961
876791
768456
701470
78634
909816
872488
385352
918659
964184
784655
727689
845469
896122
47212
728473
894074
376794
790682
912510
849697
987190
897780
753616
247661
112884
487326
879863
570584
152125
431135
585599
260268
671206
896672
91730
4595
451229
659756
25627
87954
670303
447868
377950
141264
927500
614147
766206
566622
276571
766188
117
316471
27743
315959
175213
391639
125112
733625
210718
11882
36212
194289
909111
627681
841290
897599
864947
985947
249551
547396
803847
181335
933070
271240
413148
737310
631214
630599
963277
946633
159210
714043
869801
856776
467549
362682
191780
669790
667744
541469
173350
665363
343694
393730
137664
101653
709733
351266
900070
348026
891307
541659
419433
713994
699977
872450
713908
525407
718215
235895
626304
525190
556005
333805
785254
925674
536936
31461
746098
254702
439393
280247
72749
267904
943629
20581
933212
288904
330445
72851
482015
168361
60714
173590
862163
640377
473428
555158
271665
142983
212445
8629
917220
5211
406036
386591
699981
252888
166896
285874
86906
730892
936074
151848
96555
548499
743723
393917
201359
20741
