17502
775224
726657
275239
32406
972345
870685
375422
978626
816278
156458
801230
725513
341299
760811
29523
114258
6729
440930
651073
274819
661496
227106
21330
490478
946996
28676
914605
124837
974309
151808
631074
680290
770243
621829
421788
526536
136570
902369
470876
375217
963849
12365
32951
911203
607744
628943
949095
999508
224461
112975
805903
753009
449467
162278
449120
717689
765696
881353
595014
913761
668144
706355
210181
412770
664359
611590
523096
391576
232488
949551
149049
133423
493300
603617
312426
608992
321258
421079
910794
254094
662084
386727
893831
813902
237356
158733
630255
445288
553682
454321
635190
355104
27894
44570
599678
599937
121870
648320
577468
