240456
439983
308356
381534
571045
249871
572058
986287
245813
725448
382076
996387
823481
514360
811974
36976
109149
687459
527974
159962
162349
342069
710143
70964
791518
654179
280760
369362
166793
349629
587156
369103
671642
790468
904495
762652
132856
487807
209185
525868
36379
170644
979476
394318
951519
891551
554159
374380
55000
623498
240021
789624
158099
632313
101631
322659
649583
837595
63817
508699
266340
554340
763951
968746
279325
509829
741787
206787
85053
43725
125735
51998
468481
139572
447001
343673
518275
391533
183116
785087
750201
396404
500930
495847
569801
686938
979618
579195
194108
439686
704838
81285
113658
849922
121073
528280
786060
846844
133817
416150
449024
270324
612103
689547
403764
875795
923975
294866
959321
495980
65756
573264
966299
373530
161607
169557
618958
879448
985506
889852
82639
450168
985338
980833
927359
356258
829384
930934
383476
558090
440252
988103
654041
253513
279750
880566
575595
686347
322108
896141
842225
644927
969216
241203
601606
524172
398416
888088
725456
722053
556368
274637
134206
454963
202470
467920
273934
207330
671369
342341
459331
42672
751404
951126
470678
27422
376863
660439
88782
607043
458683
677908
11440
324963
863063
448014
121877
227228
629165
783541
152446
891772
975985
408307
510515
829262
346647
540329
898118
53970
19891
329979
91315
867524
825517
22831
846420
419356
53396
927337
574396
995589
798315
397321
416958
633031
107179
242436
819640
966337
554667
639755
96467
311329
953189
705931
476556
334453
25206
551516
567332
162616
793215
25263
207335
403250
839065
871812
253377
787334
712518
711549
377200
484650
786414
44711
823150
604285
433328
494272
942251
386602
116488
953731
163637
370434
772134
942424
420877
434045
