371223
467996
241550
115164
781351
727705
597491
853960
254492
495607
835275
899554
566202
265227
954956
315393
279935
171645
870065
350164
140918
926170
100135
448460
904922
294283
278775
323922
138986
288716
51103
463043
914363
924954
348620
498127
661764
826787
841475
87473
43766
548212
675161
707326
245865
688503
314984
793161
177037
357401
293837
197990
284495
101199
155731
485249
336194
169175
86607
113921
220837
309657
647475
520745
958889
871027
590560
181051
452319
938009
32323
639636
715230
48270
939360
116072
52078
333245
712004
138523
342124
662481
456056
869878
939819
252707
457620
365554
967826
763495
770906
517147
468436
511342
743522
202089
805925
420138
642448
24247
353016
133258
885824
380724
812063
800791
373851
256267
503021
900686
749589
879237
122773
629486
155055
646342
311312
83697
132675
706358
489941
206057
394703
506307
397686
631388
78064
985491
664726
493611
45138
904980
668509
37819
79744
358017
774226
493632
341012
704583
485859
675205
444262
715235
595629
937173
426564
614957
991122
584474
648574
395248
960659
864310
186201
629448
706917
883715
470752
438450
32425
829516
508693
484922
109835
996604
546763
897703
724759
623872
878573
83010
403014
548418
18412
733784
827695
563914
812692
312283
341131
846169
478852
407464
669109
957094
926021
831106
401253
290920
77006
878036
819876
639304
258753
477305
367253
458811
198861
449665
985714
218578
608901
844619
582140
142565
296493
604451
932864
344541
881398
529353
234696
324691
555878
582029
593740
651568
382256
193765
200161
320776
708506
389253
581752
244149
395909
735635
931325
235238
357632
412349
526943
475853
12523
413293
731267
619143
552169
155986
498019
788213
549157
605933
83687
511436
16709
638016
198307
7923
309658
264760
530082
981031
500093
779974
316925
198442
111004
388112
991165
953402
613625
659323
637618
950334
301173
168888
292865
103576
834244
750108
245017
258057
467638
247509
176969
311428
958164
973692
973970
295608
134523
872603
349218
342929
826605
483290
570508
163031
462246
614488
824472
373940
894713
944781
560265
789121
614000
109725
857657
586071
898901
794907
339360
450647
468901
948590
175464
327794
866090
519340
183216
794213
869784
510342
320703
453548
6052
440174
431382
857470
121543
267751
214402
321528
437177
273688
769050
876985
95296
429652
772754
491529
724174
774259
77487
741436
716628
824002
676569
64233
245244
884361
129050
72240
346835
883046
43442
583501
134617
691022
861392
865118
993002
849097
903909
753887
857798
229236
202002
72870
542755
154808
965401
115248
972864
194793
282016
763936
331792
407389
625816
365693
607238
228119
73634
199398
90601
981757
344975
130869
674101
421163
137471
32822
782555
918145
740003
770883
661019
989316
249286
92667
111264
105947
713381
850683
826533
288725
134641
7369
484468
873969
539007
999063
579143
671995
472954
679029
134419
315265
764330
608504
72159
272307
639397
922418
226248
597646
307763
812481
649305
806110
694032
705845
243326
351515
338850
369664
509969
831174
206697
703538
75024
484997
494031
991553
51518
698772
390752
854635
791318
984104
69439
296871
54720
510895
185001
448752
955880
168575
832659
41517
887369
691879
191490
33852
466239
740679
771163
991939
421725
972039
113849
73472
668763
283709
27198
174571
49073
626812
624133
351992
87606
948056
79111
101518
516714
410641
123165
269820
304159
316729
423842
920105
742186
183171
886204
78087
526819
969063
410329
800564
647406
827249
401797
449412
186411
847721
536696
483154
302060
169631
263504
892246
5573
807020
160451
432638
646581
349364
3034
638827
227834
823526
375171
24316
21426
608899
602819
57529
126945
573202
590165
103163
890071
729899
112465
240493
696076
118069
334893
491281
532675
246666
713126
485777
957778
902027
146707
667035
780307
183742
947005
562213
667537
859368
174840
845413
398159
61823
808703
669995
886432
9060
299418
655843
572211
190918
883749
29008
26256
547885
416413
371673
631022
113836
120827
912360
397241
968025
565178
345995
254974
324031
778245
910322
877488
463625
623122
151434
773150
922807
384201
108018
460840
149430
895866
22192
320957
794106
449129
282835
65812
925734
109902
30092
498467
634169
433286
760378
954111
50986
873976
159767
313399
585144
30996
626967
829456
887848
178105
320278
913059
67760
838818
923348
895334
999895
64148
86944
555373
547210
515612
333080
257313
794561
909306
401820
114754
300687
671229
681916
957008
750693
494740
524270
44858
991869
783504
467158
995256
956441
829686
438052
541941
532711
823335
118680
405014
532390
398099
794376
324498
86724
571789
833046
978721
520608
429014
525784
446962
176683
904282
17930
559995
222073
106085
559355
767030
904211
278483
551155
835502
91962
979264
620114
863426
70777
853600
203700
391678
702548
624744
225350
911165
424653
239556
628252
893884
971346
358116
278141
565992
705191
794692
148923
739866
42418
634382
812124
25714
826786
127199
296389
230020
180480
611553
873931
312742
726758
957842
1000
998013
106548
265149
872437
653663
583925
59004
943295
915982
398933
193019
488570
848625
813098
556953
895011
278906
473839
213699
885273
61868
27916
793524
389768
67215
219221
845450
304374
704307
402043
372592
735541
238545
312124
173157
64918
509006
414685
137261
525306
40593
365164
138881
284490
420293
932262
527463
820364
690512
61658
992794
937241
567089
282936
118841
173640
318650
53587
648745
771446
167477
703051
258011
428077
904874
413049
622026
250652
487216
850385
84509
410717
539928
344124
949818
840152
461272
750231
399847
822492
415724
737064
207308
85440
71432
63540
319503
770809
513479
256157
656082
431889
132464
839706
984086
883773
869272
669042
531301
610906
99147
137320
993771
264432
892797
469071
908690
883000
810206
695221
65767
931442
163532
389037
701114
131335
486463
443203
102307
403891
698835
899291
837083
754978
735085
523512
751372
246789
118897
293194
780784
96192
60356
724978
400691
150392
707228
202939
13578
773394
440792
399203
541390
749646
655876
211059
602338
70072
128081
46731
353782
268219
389824
946956
448242
432984
809625
180770
910138
48890
715200
738236
54868
248879
475415
966691
802054
922984
950108
427719
460612
194472
83189
27513
876381
309269
374744
533715
865371
254049
284894
906510
799177
107609
62527
963664
881520
103381
283921
727726
199723
385284
617763
107111
565470
178473
148959
441789
158751
727112
383637
875020
240425
259456
514593
728836
138817
538287
595260
940658
159817
565349
810909
46226
591273
709274
419523
48717
864418
156168
793178
280216
242898
104584
619927
983367
360372
937819
129951
421725
297921
309132
789337
281019
276099
287168
587470
328121
751554
66180
645916
128397
6296
413388
247022
976365
797683
915730
366530
285978
464073
687048
482750
224311
176003
720582
338562
409615
951281
89786
3943
864015
967933
591778
84805
757918
618769
157536
58347
313761
516701
518138
303707
480319
136252
494454
215552
553248
14684
577487
82806
59798
196085
951265
848243
912753
